placar_casa,placar_visitante,data,round,stage,ano,equipe_casa,equipe_visitante,Pts_casa,3P_casa,2P_casa,LL_casa,RT_casa,RO_casa,RD_casa,AS_casa,ER_casa,IA%_casa,3PC_casa,3PT_casa,3P%_casa,2PC_casa,2PT_casa,2P%_casa,LLC_casa,LLT_casa,LL%_casa,EN_casa,BR_casa,B/E_casa,TO_casa,FC_casa,T/FC_casa,ET_casa,VI_casa,EF_casa,Pts_visitante,3P_visitante,2P_visitante,LL_visitante,RT_visitante,RO_visitante,RD_visitante,AS_visitante,ER_visitante,IA%_visitante,3PC_visitante,3PT_visitante,3P%_visitante,2PC_visitante,2PT_visitante,2P%_visitante,LLC_visitante,LLT_visitante,LL%_visitante,EN_visitante,BR_visitante,B/E_visitante,TO_visitante,FC_visitante,T/FC_visitante,ET_visitante,VI_visitante,EF_visitante
70,75,2019-11-22,6,1,2019-2020,Pinheiros,Flamengo,78.199,25.2,38.001,15.001,36.9,11.701,25.199,14.401,13.800999999999998,1.097,8.4,26.3,31.639999999999997,18.999000000000002,36.699,52.182,15.001,19.901,76.024,1.399,8.099,0.601,1.7009999999999998,21.2,0.081,13.800999999999998,2.501,84.899,82.6,27.6,39.6,15.4,38.8,11.2,27.6,17.6,11.5,1.6470000000000002,9.2,26.9,33.849,19.8,37.5,53.125,15.4,22.1,69.763,1.0,6.5,0.5439999999999999,1.2,19.7,0.062,11.5,0.9,93.1
89,97,2019-11-23,6,1,2019-2020,Minas,Sesi Franca,79.2,26.7,39.2,13.3,39.0,12.1,26.9,16.9,11.6,1.5029999999999997,8.9,29.1,30.399,19.6,37.1,53.169000000000004,13.3,18.1,73.018,1.4,6.9,0.6049999999999999,2.0,23.3,0.088,11.6,2.4,89.8,88.9,34.2,36.2,18.5,38.5,8.8,29.7,20.0,13.2,1.547,11.4,27.6,41.185,18.1,33.2,54.439,18.5,23.7,77.79799999999999,1.8,5.4,0.42699999999999994,2.7,19.1,0.14499999999999996,13.2,1.7,105.7
87,95,2019-11-23,6,1,2019-2020,Coop/São José Basketball,Rio Claro,81.0,23.7,43.6,13.7,37.3,11.4,25.9,19.3,15.4,1.3090000000000002,7.9,23.3,34.087,21.8,43.7,50.201,13.7,18.9,72.239,1.5,7.7,0.517,1.6,22.1,0.069,15.4,2.3,88.9,82.2,27.3,37.0,17.9,29.8,6.3,23.5,17.7,14.5,1.272,9.1,24.3,39.089,18.5,33.6,55.40599999999999,17.9,24.0,73.39399999999998,2.6,7.1,0.49700000000000005,1.3,23.3,0.056999999999999995,14.5,1.8,87.2
80,69,2019-11-24,7,1,2019-2020,Corinthians,Fortaleza B. C. / CFO,83.36699999999999,30.0,41.601000000000006,11.766,37.034000000000006,11.4,25.633999999999997,19.032,13.2,1.566,9.998999999999999,23.566000000000003,42.504999999999995,20.799,41.001000000000005,50.503,11.766,17.066000000000003,68.924,2.368,6.8340000000000005,0.5409999999999999,2.133,20.901,0.10200000000000001,13.2,1.6320000000000001,95.899,76.467,24.9,36.733,14.833000000000002,36.733,10.5,26.232999999999997,13.5,12.333,1.1099999999999999,8.3,24.6,33.721999999999994,18.367,38.0,48.366,14.833000000000002,20.567,72.71200000000002,1.1,6.6,0.542,2.067,23.1,0.091,12.333,2.6,81.13300000000001
76,81,2019-11-25,7,1,2019-2020,Pinheiros,Paulistano,78.849,26.25,38.101,14.501,36.6,10.851,25.749000000000002,15.350999999999999,14.001,1.1510000000000002,8.75,25.85,33.449,19.049,36.499,52.638999999999996,14.501,19.301,75.48600000000002,1.599,7.648999999999999,0.5569999999999999,1.7009999999999998,21.1,0.081,14.001,2.501,86.799,81.15,34.5,34.9,11.75,38.3,11.5,26.8,17.65,12.1,1.5320000000000003,11.5,31.2,37.636,17.45,33.1,52.666999999999994,11.75,16.05,74.488,4.2,6.45,0.544,1.85,21.1,0.086,12.1,2.25,93.4
81,72,2019-11-25,7,1,2019-2020,Flamengo,Botafogo,82.6,27.6,39.6,15.4,39.2,11.5,27.7,18.2,11.7,1.6780000000000002,9.2,26.8,33.998999999999995,19.8,37.9,52.625,15.4,22.3,69.018,0.9,6.8,0.561,1.1,19.4,0.05900000000000001,11.7,1.1,93.5,74.7,26.85,33.8,14.05,34.2,10.2,24.0,15.6,14.55,1.1230000000000002,8.95,27.35,32.824,16.9,33.35,50.36299999999999,14.05,17.7,80.38799999999999,0.85,5.1,0.33899999999999997,2.35,22.75,0.10299999999999998,14.55,2.95,78.75
91,75,2019-11-26,7,1,2019-2020,Corinthians,UNIFACISA,85.234,29.1,44.001,12.133,36.56699999999999,11.1,25.466999999999995,19.165,12.7,1.613,9.699,22.433000000000003,43.019,21.999000000000002,41.801,52.625,12.133,18.133000000000003,66.659,2.535,6.9670000000000005,0.5700000000000001,2.2659999999999996,20.801,0.10900000000000001,12.7,1.765,98.699,83.3125,27.9375,42.625,12.75,38.625,11.0,27.625,18.375,12.3125,1.515,9.3125,28.875,32.598749999999995,21.3125,39.0,54.89124999999999,12.75,17.75,72.55624999999999,1.5625,7.875,0.6625,2.1875,20.0,0.1125,12.3125,2.125,95.75
74,92,2019-11-26,7,1,2019-2020,Rio Claro,Bauru Basket,82.3,26.1,37.6,18.6,30.2,6.5,23.7,17.6,13.9,1.295,8.7,25.3,34.74299999999999,18.8,33.0,57.200999999999986,18.6,23.9,77.77399999999999,2.5,6.7,0.4910000000000001,1.2,23.2,0.053000000000000005,13.9,1.9,88.0,82.35,22.65,44.2,15.5,34.7,9.15,25.55,16.6,14.15,1.186,7.55,25.1,30.211000000000002,22.1,38.95,56.952999999999996,15.5,22.6,68.91400000000002,1.3,9.5,0.6790000000000002,1.95,19.2,0.10600000000000001,14.15,1.75,89.45
83,70,2019-11-27,7,1,2019-2020,Pinheiros,Fortaleza B. C. / CFO,78.999,25.8,38.801,14.401,37.0,10.401,26.599,15.800999999999998,14.501,1.1190000000000002,8.6,25.0,33.99399999999999,19.399,36.499,53.668000000000006,14.401,19.701,73.36100000000002,1.599,7.4990000000000006,0.518,1.7009999999999998,20.8,0.081,14.501,2.8009999999999997,87.699,76.434,24.6,37.065999999999995,14.766000000000002,35.866,9.9,25.965999999999998,13.4,12.166,1.1169999999999998,8.2,24.3,33.789,18.534000000000002,37.8,49.074,14.766000000000002,20.834000000000003,71.22800000000001,0.9,6.6,0.548,2.0340000000000003,23.0,0.089,12.166,2.3,80.566
77,76,2019-11-28,7,1,2019-2020,Paulistano,UNIFACISA,79.7,33.9,34.2,11.6,37.9,11.3,26.6,17.1,11.7,1.5430000000000001,11.3,30.7,37.543000000000006,17.1,33.1,51.519999999999996,11.6,16.1,73.539,4.0,6.0,0.53,1.9,20.3,0.091,11.7,2.3,90.7,82.44444444444444,26.666666666666668,43.333333333333336,12.444444444444445,38.44444444444444,11.0,27.444444444444443,18.333333333333332,12.666666666666666,1.4755555555555555,8.88888888888889,28.444444444444443,31.421111111111106,21.666666666666668,39.111111111111114,55.59777777777777,12.444444444444445,17.22222222222222,73.04111111111109,1.6666666666666667,7.666666666666667,0.6322222222222221,2.2222222222222223,20.444444444444443,0.1111111111111111,12.666666666666666,2.2222222222222223,94.55555555555556
68,80,2019-11-29,7,1,2019-2020,Pato Basquete,Corinthians,64.9,19.8,33.1,12.0,33.35,10.4,22.95,14.7,17.5,0.8469999999999999,6.6,23.9,28.286,16.55,35.7,46.425,12.0,18.05,67.471,1.45,8.05,0.466,2.1,22.5,0.094,17.5,4.1,63.0,85.05099999999999,28.05,44.601,12.4,36.449999999999996,11.0,25.449999999999996,19.347999999999995,12.9,1.6039999999999999,9.349,21.600000000000005,42.943,22.299,41.751,53.361000000000004,12.4,18.8,65.79700000000001,2.3520000000000003,7.5,0.604,2.1989999999999994,20.351,0.10800000000000001,12.9,1.8979999999999997,99.249
92,73,2019-11-29,7,1,2019-2020,São Paulo,Fortaleza B. C. / CFO,85.88888888888889,33.666666666666664,39.55555555555556,12.666666666666666,42.666666666666664,10.333333333333334,32.333333333333336,20.77777777777778,13.444444444444445,1.6599999999999997,11.222222222222221,31.0,35.9,19.77777777777778,34.77777777777778,57.28222222222222,12.666666666666666,18.11111111111111,70.50777777777779,2.6666666666666665,5.666666666666667,0.42444444444444446,3.5555555555555554,18.11111111111111,0.20333333333333334,13.444444444444445,1.6666666666666667,104.88888888888889,75.25099999999999,24.6,36.699,13.949000000000002,35.349,9.4,25.948999999999995,13.65,12.549,1.0949999999999998,8.2,23.85,34.429,18.351000000000006,37.7,48.697,13.949000000000002,20.201000000000004,69.369,0.95,6.65,0.5330000000000001,1.9510000000000005,22.7,0.086,12.549,2.25,78.84900000000002
71,78,2019-11-30,7,1,2019-2020,Bauru Basket,Botafogo,83.55,22.8,45.2,15.55,34.45,9.25,25.2,16.6,13.65,1.2150000000000003,7.6,25.15,30.351000000000006,22.6,39.1,58.178,15.55,22.8,68.531,1.2,9.65,0.7140000000000001,1.9,19.35,0.10300000000000001,13.65,1.6,91.2,74.7,27.0,33.8,13.9,35.0,10.3,24.7,15.8,15.0,1.102,9.0,27.0,33.584,16.9,33.8,49.669999999999995,13.9,17.6,79.89399999999999,0.9,5.0,0.32,2.5,22.8,0.10999999999999999,15.0,3.1,79.3
92,94,2019-11-30,7,1,2019-2020,Coop/São José Basketball,Brasília,83.1,24.75,44.4,13.95,36.45,10.7,25.75,19.65,15.75,1.2950000000000002,8.25,23.5,35.075,22.2,42.65,52.37800000000001,13.95,19.25,72.128,1.75,7.8,0.51,1.8,22.9,0.075,15.75,2.2,91.95,76.0,21.9,39.0,15.1,37.6,11.1,26.5,17.1,15.1,1.184,7.3,24.0,30.602000000000004,19.5,39.5,49.789,15.1,21.4,71.48,1.8,7.6,0.529,1.9,21.7,0.094,15.1,2.7,81.7
83,82,2019-12-01,8,1,2019-2020,Pinheiros,UNIFACISA,79.166,24.9,39.534000000000006,14.734,36.4,10.034,26.365999999999996,15.834,14.634,1.111,8.3,24.1,34.178999999999995,19.766,36.666,54.363,14.734,19.734,75.08000000000001,1.566,7.1659999999999995,0.49000000000000005,1.934,20.6,0.094,14.634,3.134,88.166,82.75,27.0,43.3,12.45,38.0,10.75,27.25,18.55,12.55,1.5059999999999998,9.0,28.3,31.982999999999997,21.65,39.05,55.62199999999999,12.45,17.15,73.31299999999999,1.6,7.5,0.6209999999999999,2.2,20.55,0.10900000000000001,12.55,2.15,94.95
93,84,2019-12-02,8,1,2019-2020,Mogi,Brasília,82.2,28.95,34.3,18.95,35.2,8.85,26.35,17.6,12.85,1.408,9.65,25.95,37.263000000000005,17.15,35.25,48.859,18.95,23.25,81.09,0.65,7.85,0.623,2.7,20.2,0.14,12.85,2.0,94.0,75.6,22.2,39.0,14.4,36.65,10.55,26.1,16.85,15.1,1.169,7.4,23.3,31.614000000000004,19.5,38.8,50.512,14.4,21.2,69.23600000000002,1.8,7.6,0.529,2.15,21.2,0.10400000000000001,15.1,2.55,81.35
85,68,2019-12-02,8,1,2019-2020,Sesi Franca,Botafogo,88.15,33.15,37.2,17.8,38.65,8.9,29.75,19.6,12.55,1.5959999999999996,11.05,27.5,39.910000000000004,18.6,34.2,54.345000000000006,17.8,23.15,76.886,1.85,5.4,0.44699999999999995,2.85,19.0,0.15199999999999997,12.55,1.45,104.6,74.1,27.0,33.6,13.5,34.95,10.35,24.6,15.8,14.35,1.1400000000000001,9.0,27.95,32.65,16.8,33.2,50.17,13.5,16.9,80.846,0.95,4.55,0.30700000000000005,2.35,23.3,0.10300000000000001,14.35,2.95,78.55
87,90,2019-12-03,8,1,2019-2020,Paulistano,Rio Claro,80.9,35.4,33.6,11.9,37.4,10.9,26.5,16.8,11.8,1.468,11.8,31.1,38.838,16.8,32.2,52.041,11.9,16.6,72.479,3.7,5.9,0.509,2.1,20.7,0.1,11.8,2.2,91.5,83.1,26.1,37.6,19.4,31.7,6.9,24.8,18.6,13.8,1.408,8.7,25.9,33.909,18.8,32.7,57.649,19.4,24.5,79.631,2.3,6.2,0.45,1.1,23.1,0.048,13.8,2.2,90.7
79,89,2019-12-03,8,1,2019-2020,São Paulo,UNIFACISA,85.2,33.3,39.0,12.9,43.3,11.4,31.9,20.2,13.6,1.5939999999999999,11.1,32.2,34.635999999999996,19.5,34.3,57.22099999999999,12.9,18.7,69.70700000000001,2.5,5.7,0.42200000000000004,3.6,17.9,0.20800000000000002,13.6,1.5,102.7,82.45,26.85,43.2,12.4,37.2,10.45,26.75,18.8,12.4,1.5459999999999998,8.95,28.35,31.725,21.6,38.45,56.262,12.4,16.75,74.54799999999999,1.45,7.2,0.6039999999999999,2.1,20.7,0.10300000000000001,12.4,2.0,94.65
91,84,2019-12-04,8,1,2019-2020,Mogi,Minas,80.9,27.6,34.4,18.9,35.4,9.3,26.1,17.5,12.3,1.464,9.2,25.9,35.867000000000004,17.2,35.2,49.083000000000006,18.9,23.2,81.064,0.7,7.3,0.61,2.9,20.2,0.15100000000000002,12.3,1.9,92.7,82.95,28.35,40.6,14.0,39.5,13.35,26.15,18.25,11.65,1.64,9.45,30.35,30.932,20.3,37.45,54.650999999999996,14.0,18.4,75.91300000000001,1.5,7.0,0.612,1.75,24.1,0.072,11.65,2.2,95.25
66,79,2019-12-05,8,1,2019-2020,Bauru Basket,Flamengo,83.2,23.1,45.4,14.7,34.2,9.4,24.8,16.4,14.0,1.193,7.7,24.9,31.084000000000003,22.7,39.2,58.32000000000001,14.7,21.8,67.08099999999999,1.2,9.6,0.7020000000000002,1.7,19.3,0.092,14.0,1.3,90.3,81.7,28.8,38.4,14.5,39.05,11.3,27.75,17.85,12.0,1.611,9.6,27.2,34.997,19.2,37.3,51.910000000000004,14.5,21.5,67.43699999999998,0.75,6.95,0.557,1.2,19.45,0.06399999999999999,12.0,1.4,91.95
91,56,2019-12-06,8,1,2019-2020,Fortaleza B. C. / CFO,Brasília,76.10099999999998,24.6,37.398999999999994,14.099,36.498999999999995,9.8,26.698999999999995,13.7,13.199000000000002,1.041,8.2,23.8,34.489,18.701000000000004,37.8,49.504000000000005,14.099,20.501000000000005,69.06800000000001,1.1,7.2,0.54,1.8009999999999997,22.8,0.079,13.199000000000002,2.4,80.799,74.65,21.75,38.3,14.6,35.95,10.5,25.45,16.9,15.15,1.1689999999999998,7.25,23.45,30.771000000000004,19.15,38.55,49.891000000000005,14.6,21.8,68.40200000000002,1.7,7.85,0.543,2.15,21.65,0.10200000000000001,15.15,2.5,79.3
93,109,2019-12-06,8,1,2019-2020,Coop/São José Basketball,Minas,85.3,24.6,45.6,15.1,34.9,9.7,25.2,19.9,15.9,1.296,8.2,23.0,35.43900000000001,22.8,41.6,55.111000000000004,15.1,20.4,72.95700000000001,1.8,7.9,0.5109999999999999,2.0,23.2,0.084,15.9,2.3,95.1,86.2,29.7,41.6,14.9,40.9,14.1,26.8,18.9,11.2,1.763,9.9,31.6,31.064999999999998,20.8,37.4,56.083000000000006,14.9,19.4,77.141,1.6,7.0,0.632,1.7,24.6,0.06800000000000002,11.2,1.7,100.6
78,82,2019-12-07,8,1,2019-2020,Sesi Franca,Flamengo,87.2,32.4,36.8,18.0,38.7,9.0,29.7,19.3,12.05,1.639,10.8,27.15,39.39900000000001,18.4,34.25,53.741,18.0,23.6,76.14099999999999,1.95,5.1,0.442,2.85,19.2,0.151,12.05,1.45,103.2,80.8,30.0,37.2,13.6,38.9,11.1,27.8,17.5,12.3,1.544,10.0,27.6,35.995000000000005,18.6,36.7,51.195,13.6,20.7,65.856,0.6,7.1,0.5529999999999999,1.3,19.5,0.069,12.3,1.7,90.4
92,72,2019-12-08,9,1,2019-2020,Botafogo,Rio Claro,75.9,27.6,35.0,13.3,34.6,10.0,24.6,16.6,13.3,1.3330000000000002,9.2,28.3,32.833999999999996,17.5,33.9,51.367999999999995,13.3,16.2,83.227,1.1,4.9,0.41100000000000003,2.4,23.8,0.10300000000000001,13.3,2.6,82.5,82.567,25.3,37.967,19.3,31.532999999999998,6.95,24.583,18.982999999999997,13.866999999999999,1.431,8.433,25.45,33.479,18.982999999999997,32.632999999999996,58.285000000000004,19.3,24.467000000000002,79.34599999999999,2.317,6.117,0.44300000000000006,1.133,23.1,0.049,13.866999999999999,2.2,90.63300000000001
91,72,2019-12-08,9,1,2019-2020,UNIFACISA,Brasília,82.733,28.0,41.867000000000004,12.867,36.8,10.333,26.467000000000002,18.667,12.233,1.555,9.333,28.967000000000002,32.150999999999996,20.933,37.233,56.06,12.867,16.732999999999997,76.896,1.333,6.9,0.588,2.067,20.767000000000003,0.10099999999999998,12.233,1.8329999999999997,95.0,73.9,20.1,39.0,14.8,35.6,10.5,25.1,17.3,14.8,1.222,6.7,22.7,29.227999999999998,19.5,39.9,49.249,14.8,21.9,69.103,1.4,7.7,0.542,1.9,21.2,0.09,14.8,2.4,78.0
70,73,2019-12-08,9,1,2019-2020,Bauru Basket,São Paulo,81.1,24.15,43.4,13.55,34.4,9.2,25.2,16.1,13.6,1.223,8.05,25.3,31.762999999999995,21.7,38.3,56.83299999999999,13.55,20.45,64.645,1.0,9.35,0.6980000000000001,1.6,18.9,0.087,13.6,1.4,88.2,85.333,34.2,37.9,13.232999999999999,43.017,11.55,31.467000000000002,20.133,12.816999999999998,1.6960000000000002,11.4,32.882999999999996,34.839999999999996,18.95,33.867000000000004,56.35,13.232999999999999,19.083,69.99300000000001,2.533,5.417,0.425,3.2329999999999997,17.95,0.18300000000000002,12.816999999999998,1.55,102.067
67,71,2019-12-09,9,1,2019-2020,Fortaleza B. C. / CFO,Mogi,75.401,24.9,36.29899999999999,14.199000000000002,37.099,9.85,27.248999999999995,13.3,13.049000000000001,1.02,8.3,25.15,33.474000000000004,18.151,36.55,49.669,14.199000000000002,20.701,68.88900000000001,1.25,7.25,0.551,2.101,22.85,0.091,13.049000000000001,2.2,80.099,80.2,27.6,34.6,18.0,36.55,9.85,26.7,17.3,12.9,1.391,9.2,25.5,36.313,17.3,35.95,48.21,18.0,22.6,79.355,0.7,7.4,0.588,2.65,20.1,0.13800000000000004,12.9,1.95,91.55
81,82,2019-12-09,9,1,2019-2020,Corinthians,Pinheiros,84.60099999999998,27.0,45.201,12.400000000000002,36.699999999999996,11.2,25.499999999999993,19.797999999999995,13.4,1.5850000000000002,8.999,21.300000000000004,41.948,22.599,41.601,54.223,12.400000000000002,18.8,65.79700000000001,2.2020000000000004,7.8,0.609,2.1990000000000003,20.401,0.10800000000000001,13.4,2.098,99.699,79.23299999999999,23.4,40.867000000000004,14.967000000000002,36.7,10.567,26.133,15.367,14.667000000000002,1.075,7.8,23.2,33.253,20.433,38.033,54.354,14.967000000000002,20.267000000000003,74.432,1.333,6.933,0.4720000000000001,2.067,20.2,0.10400000000000001,14.667000000000002,3.067,87.333
87,88,2019-12-10,9,1,2019-2020,Sesi Franca,São Paulo,86.65,32.55,35.9,18.2,38.25,8.95,29.3,18.95,11.75,1.6439999999999997,10.85,27.1,39.652,17.95,33.85,53.09799999999999,18.2,24.05,75.39599999999999,2.0,4.85,0.43299999999999994,2.95,19.7,0.153,11.75,1.35,101.75,85.46600000000001,35.1,36.8,13.565999999999999,42.734,11.7,31.034000000000002,20.065999999999995,12.034,1.798,11.7,33.565999999999995,35.044,18.4,33.434000000000005,55.479,13.565999999999999,19.465999999999998,70.279,2.566,5.134,0.42800000000000005,2.8659999999999997,18.0,0.15800000000000006,12.034,1.6,101.434
91,78,2019-12-10,9,1,2019-2020,Flamengo,Rio Claro,81.25,29.4,38.4,13.45,38.8,11.2,27.6,17.6,12.15,1.6309999999999998,9.8,27.35,35.687,19.2,38.0,50.916000000000004,13.45,20.2,67.374,0.65,7.25,0.587,1.3,19.65,0.069,12.15,2.0,90.85,82.03399999999999,24.5,38.334,19.2,31.365999999999996,7.0,24.365999999999996,19.365999999999996,13.934000000000001,1.454,8.166,25.0,33.049,19.165999999999997,32.565999999999995,58.92100000000001,19.2,24.434000000000005,79.06099999999999,2.3340000000000005,6.034000000000001,0.43600000000000005,1.166,23.1,0.049999999999999996,13.934000000000001,2.2,90.566
99,83,2019-12-11,9,1,2019-2020,UNIFACISA,Mogi,84.36600000000001,30.2,41.134,13.034,36.9,10.266,26.634000000000004,18.334000000000003,11.966,1.559,10.065999999999999,28.834000000000003,34.480000000000004,20.566000000000003,37.166,55.044000000000004,13.034,16.865999999999996,77.164,1.466,7.0,0.6050000000000001,2.1340000000000003,20.834000000000003,0.10400000000000001,11.966,1.566,97.4,79.5,27.6,34.8,17.1,37.7,10.4,27.3,17.1,13.5,1.318,9.2,25.1,36.759,17.4,36.7,47.337,17.1,22.0,77.64600000000002,0.7,7.5,0.5660000000000001,2.4,20.0,0.12500000000000003,13.5,2.0,90.4
79,82,2019-12-12,9,1,2019-2020,Fortaleza B. C. / CFO,Minas,74.701,25.2,35.199,14.299000000000001,37.699,9.9,27.798999999999996,12.9,12.899000000000001,0.999,8.4,26.5,32.458999999999996,17.601,35.3,49.833999999999996,14.299000000000001,20.901,68.71000000000001,1.4,7.3,0.562,2.401,22.9,0.10300000000000001,12.899000000000001,2.0,79.399,86.45,29.55,41.6,15.3,41.3,13.75,27.55,18.8,11.0,1.7810000000000001,9.85,31.4,31.135999999999996,20.8,37.8,55.443999999999996,15.3,19.65,78.141,1.5,6.65,0.6120000000000001,1.55,24.5,0.06200000000000001,11.0,1.7,100.75
98,84,2019-12-13,9,1,2019-2020,Rio Claro,Sesi Franca,82.05099999999999,24.0,38.901,19.15,31.648999999999994,7.05,24.598999999999997,19.098999999999997,14.151,1.4069999999999998,7.999,24.4,33.208000000000006,19.448999999999995,33.04899999999999,58.911,19.15,24.201000000000004,79.53199999999998,2.2510000000000003,5.801,0.413,1.199,23.2,0.051000000000000004,14.151,2.35,90.59900000000002,86.4,32.4,35.6,18.4,37.8,8.7,29.1,18.3,11.8,1.5719999999999998,10.8,27.0,39.612,17.8,33.8,52.733999999999995,18.4,24.1,76.06799999999998,2.0,4.9,0.43600000000000005,2.5,20.4,0.12200000000000004,11.8,1.4,100.0
92,98,2019-12-14,9,1,2019-2020,Paulistano,São Paulo,81.7,36.6,34.2,10.9,37.7,10.4,27.3,17.0,10.9,1.672,12.2,33.5,37.73500000000001,17.1,32.0,53.509,10.9,15.1,72.305,3.8,5.3,0.489,2.0,20.3,0.097,10.9,2.3,92.1,84.99900000000001,33.75,37.1,14.149000000000001,42.401,11.15,31.251000000000005,19.798999999999996,12.001000000000001,1.777,11.25,32.648999999999994,34.76199999999999,18.55,33.501000000000005,55.831999999999994,14.149000000000001,20.148999999999994,70.81800000000001,2.6989999999999994,5.101000000000001,0.42600000000000005,2.8489999999999993,17.5,0.15900000000000003,12.001000000000001,1.65,100.80099999999999
84,92,2019-12-14,9,1,2019-2020,UNIFACISA,Minas,83.59900000000002,30.3,39.601000000000006,13.700999999999999,37.5,10.498999999999999,27.001000000000005,17.601000000000006,11.699,1.5350000000000001,10.099,29.501000000000005,33.483,19.799000000000003,36.199,54.31,13.700999999999999,17.498999999999995,77.99600000000001,1.399,6.5,0.5790000000000001,2.001,21.201000000000004,0.093,11.699,1.599,95.7,86.7,29.4,41.6,15.7,41.7,13.4,28.3,18.7,10.8,1.7990000000000002,9.8,31.2,31.206999999999994,20.8,38.2,54.80499999999999,15.7,19.9,79.14099999999999,1.4,6.3,0.592,1.4,24.4,0.05600000000000001,10.8,1.7,100.9
103,83,2019-12-16,10,1,2019-2020,Flamengo,Coop/São José Basketball,82.9,28.5,40.2,14.2,39.6,12.0,27.6,18.3,12.8,1.5509999999999997,9.5,26.8,35.437,20.1,39.3,51.351,14.2,21.3,67.327,0.9,7.8,0.611,1.6,19.6,0.08900000000000001,12.8,2.0,93.7,86.2,25.05,45.4,15.75,35.2,9.9,25.3,19.85,16.5,1.2180000000000002,8.35,23.0,36.06400000000001,22.7,41.25,55.30100000000001,15.75,21.4,72.869,1.9,7.65,0.462,2.25,23.45,0.096,16.5,2.55,95.65
76,79,2019-12-17,10,1,2019-2020,Pato Basquete,Bauru Basket,66.8,21.3,32.7,12.8,32.8,9.95,22.85,15.4,17.55,0.8869999999999999,7.1,24.3,30.154999999999994,16.35,35.1,46.545,12.8,19.0,68.074,1.4,8.0,0.461,2.0,22.85,0.08700000000000002,17.55,3.9,65.2,79.9,24.0,42.0,13.9,35.6,10.1,25.5,15.5,14.4,1.141,8.0,25.3,31.570999999999998,21.0,38.6,54.727,13.9,21.0,64.40899999999999,0.9,9.9,0.7030000000000001,1.5,19.7,0.08199999999999999,14.4,1.5,86.0
95,106,2019-12-17,10,1,2019-2020,São Paulo,Rio Claro,85.39900000000002,32.4,38.2,14.799000000000001,41.101000000000006,10.7,30.401000000000003,18.998999999999995,12.301,1.65,10.8,31.598999999999997,34.629999999999995,19.1,33.801,56.968,14.799000000000001,20.598999999999997,72.544,2.7989999999999995,5.2010000000000005,0.42400000000000004,2.8989999999999996,17.8,0.16000000000000003,12.301,1.6,99.90099999999998,83.00099999999999,24.75,39.401,18.85,31.498999999999995,6.75,24.748999999999995,19.348999999999997,13.901,1.4829999999999999,8.248999999999999,24.05,34.769,19.698999999999995,33.449,58.94900000000001,18.85,23.601000000000006,80.16599999999998,2.1510000000000007,5.801,0.42600000000000005,1.299,23.05,0.055999999999999994,13.901,2.4,92.74900000000001
93,75,2019-12-18,10,1,2019-2020,Botafogo,Coop/São José Basketball,76.7,28.95,34.8,12.95,35.1,10.25,24.85,17.15,13.5,1.3530000000000002,9.65,29.4,33.173,17.4,33.75,51.312,12.95,15.8,82.999,0.95,4.95,0.409,2.35,23.8,0.101,13.5,2.7,83.6,85.7,24.9,45.6,15.2,35.6,10.3,25.3,19.7,16.5,1.209,8.3,22.7,36.226,22.8,42.0,54.426,15.2,21.0,71.62199999999999,2.0,7.9,0.47800000000000004,2.3,22.8,0.101,16.5,2.6,95.1
57,64,2019-12-19,10,1,2019-2020,Minas,Pinheiros,85.2,29.55,40.0,15.65,41.45,13.55,27.9,18.2,11.0,1.7530000000000001,9.85,30.8,31.901999999999997,20.0,38.3,52.553999999999995,15.65,19.75,79.424,1.55,6.05,0.5700000000000001,1.75,24.25,0.072,11.0,1.75,98.25,78.6,22.95,40.0,15.65,36.65,10.45,26.2,15.05,14.5,1.064,7.65,23.1,32.818,20.0,37.65,53.66400000000001,15.65,21.2,74.48400000000001,1.15,7.0,0.487,2.0,20.1,0.101,14.5,3.15,86.1
85,73,2019-12-19,10,1,2019-2020,Brasília,Corinthians,74.0,19.35,39.8,14.85,36.8,11.05,25.75,16.65,14.5,1.204,6.45,22.5,28.409999999999997,19.9,40.9,48.79600000000001,14.85,22.5,67.273,1.4,7.55,0.539,2.0,21.3,0.095,14.5,2.15,77.7,83.951,25.85,45.334,12.767,36.382999999999996,11.4,24.982999999999997,19.264999999999997,13.0,1.592,8.616,21.767000000000003,39.876000000000005,22.666,41.884,54.024,12.767,18.967000000000002,67.35700000000001,1.985,8.033,0.6539999999999999,2.399,21.284,0.11400000000000002,13.0,2.0149999999999997,98.116
80,78,2019-12-20,10,1,2019-2020,Pato Basquete,Rio Claro,68.4,22.5,32.8,13.1,32.4,9.5,22.9,16.0,17.8,0.909,7.5,23.6,32.52199999999999,16.4,35.4,46.33200000000001,13.1,18.7,70.018,1.4,7.7,0.433,1.8,22.7,0.07800000000000001,17.8,4.0,67.7,84.701,25.8,40.001000000000005,18.9,31.898999999999994,6.8,25.098999999999997,19.699,13.100999999999999,1.621,8.599,24.0,36.33,19.999000000000002,33.998999999999995,58.84800000000001,18.9,23.401000000000003,81.03799999999998,2.101,5.601000000000001,0.441,1.499,22.8,0.06499999999999999,13.100999999999999,2.3,96.39900000000002
69,79,2019-12-20,10,1,2019-2020,Botafogo,Mogi,77.5,30.3,34.6,12.6,35.6,10.5,25.1,17.7,13.7,1.373,10.1,30.5,33.512,17.3,33.6,51.25600000000001,12.6,15.4,82.77099999999999,0.8,5.0,0.40700000000000003,2.3,23.8,0.099,13.7,2.8,84.7,80.1,27.0,36.2,16.9,38.0,10.2,27.8,17.0,14.5,1.2349999999999999,9.0,24.3,37.33,18.1,37.2,48.813,16.9,22.0,76.64600000000002,0.6,7.7,0.541,2.0,20.2,0.10200000000000001,14.5,1.9,90.6
83,82,2019-12-21,10,1,2019-2020,Minas,Corinthians,83.7,29.7,38.4,15.6,41.2,13.7,27.5,17.7,11.2,1.707,9.9,30.4,32.596999999999994,19.2,38.4,50.303,15.6,19.6,79.707,1.7,5.8,0.548,2.1,24.1,0.088,11.2,1.8,95.6,83.301,24.7,45.467,13.134,36.065999999999995,11.6,24.465999999999998,18.732,12.6,1.5990000000000002,8.233,22.234,37.804,22.732999999999997,42.167,53.825,13.134,19.134,68.91700000000002,1.768,8.266,0.699,2.599,22.167,0.12000000000000002,12.6,1.932,96.53299999999999
79,86,2019-12-21,10,1,2019-2020,Brasília,Pinheiros,74.1,18.6,40.6,14.9,38.0,11.6,26.4,16.0,14.2,1.186,6.2,22.3,27.591999999999995,20.3,41.9,48.343,14.9,23.1,65.44300000000001,1.4,7.4,0.536,2.1,21.4,0.1,14.2,1.9,77.4,78.2,24.0,38.4,15.8,36.3,10.05,26.25,14.9,14.5,1.0509999999999997,8.0,23.55,33.761,19.2,36.95,52.477,15.8,21.45,74.35900000000001,1.0,7.4,0.52,1.9,20.05,0.096,14.5,3.15,85.15
74,96,2019-12-27,11,1,2019-2020,Paulistano,Pato Basquete,80.8,34.95,35.0,10.85,36.85,10.5,26.35,16.65,11.0,1.6329999999999998,11.65,33.25,36.181,17.5,32.85,53.272000000000006,10.85,15.55,70.57300000000001,3.75,5.35,0.489,2.1,20.7,0.101,11.0,2.2,88.8,69.05,22.05,33.1,13.9,33.5,9.9,23.6,16.6,17.4,0.974,7.35,23.1,32.513999999999996,16.55,36.55,45.107,13.9,19.7,70.078,1.35,7.9,0.45499999999999996,2.0,22.5,0.08800000000000001,17.4,3.9,70.0
92,98,2019-12-27,11,1,2019-2020,Pinheiros,Botafogo,79.5,26.4,37.6,15.5,34.9,9.2,25.7,15.8,14.2,1.19,8.8,23.9,36.635,18.8,36.0,52.823,15.5,21.4,73.262,0.8,7.5,0.548,1.7,20.3,0.08600000000000001,14.2,2.8,86.8,80.3,33.3,34.1,12.9,34.55,9.75,24.8,19.15,13.85,1.4840000000000002,11.1,30.95,36.184000000000005,17.05,32.25,53.532000000000004,12.9,15.65,83.21499999999999,1.0,5.3,0.43099999999999994,2.15,23.8,0.09300000000000001,13.85,2.6,89.6
61,80,2019-12-27,11,1,2019-2020,Bauru Basket,Sesi Franca,76.85,23.25,40.9,12.7,35.25,10.2,25.05,15.45,14.15,1.167,7.75,24.95,30.857,20.45,37.95,54.278,12.7,19.4,63.456,0.8,8.9,0.642,1.25,19.9,0.06999999999999999,14.15,1.35,82.15,85.55,31.65,35.1,18.8,36.85,8.25,28.6,18.15,11.45,1.6119999999999997,10.55,27.1,38.45399999999999,17.55,32.7,54.239999999999995,18.8,24.3,76.99699999999999,2.0,5.0,0.457,2.45,20.75,0.11700000000000002,11.45,1.45,99.2
68,72,2019-12-28,11,1,2019-2020,Corinthians,Flamengo,81.701,24.0,44.6,13.100999999999999,35.599,11.2,24.399,18.199,12.4,1.5770000000000002,8.0,21.901,37.432,22.3,42.5,52.37600000000001,13.100999999999999,19.301,68.124,1.8009999999999997,8.799,0.7549999999999999,2.499,22.4,0.11500000000000002,12.4,1.999,93.7,81.7,28.05,38.9,14.75,40.0,11.8,28.2,18.4,12.9,1.549,9.35,27.05,34.561,19.45,38.4,50.96,14.75,21.85,68.147,0.9,7.8,0.608,1.75,19.4,0.098,12.9,2.05,92.9
65,55,2019-12-28,11,1,2019-2020,UNIFACISA,Fortaleza B. C. / CFO,82.549,30.6,39.20100000000001,12.751000000000001,38.15,10.599,27.551000000000005,17.751000000000005,11.849,1.5270000000000001,10.199,29.651000000000003,33.696999999999996,19.599000000000004,36.398999999999994,53.477,12.751000000000001,16.399,75.167,1.549,6.5,0.5690000000000001,2.401,20.601000000000006,0.121,11.849,1.6990000000000003,95.4,73.051,24.45,35.498999999999995,13.099,38.498999999999995,10.5,27.999000000000002,12.7,12.849,0.985,8.15,26.25,31.624000000000002,17.750999999999998,36.45,49.107,13.099,19.201,68.288,1.4,7.5,0.5810000000000002,2.601,21.8,0.12,12.849,1.95,78.199
85,78,2019-12-28,11,1,2019-2020,Mogi,Coop/São José Basketball,81.1,26.4,36.6,18.1,38.2,9.9,28.3,17.2,14.8,1.233,8.8,24.3,36.589,18.3,36.8,50.029,18.1,23.9,75.543,0.9,7.5,0.523,2.1,20.0,0.10900000000000001,14.8,2.0,91.3,84.1,24.0,45.0,15.1,34.85,10.1,24.75,19.15,16.0,1.2150000000000003,8.0,22.4,35.597,22.5,42.55,53.19599999999999,15.1,20.8,71.975,2.1,8.2,0.5189999999999999,2.4,22.75,0.10500000000000001,16.0,2.5,92.35
87,63,2019-12-29,11,1,2019-2020,São Paulo,Pato Basquete,86.599,33.3,38.8,14.499,41.301,10.4,30.901000000000003,20.099,12.301,1.735,11.1,31.998999999999995,35.20399999999999,19.4,33.801,57.825,14.499,19.499000000000002,74.775,3.0989999999999993,5.401000000000001,0.44000000000000006,2.5989999999999993,17.2,0.15300000000000002,12.301,1.7,103.30099999999997,71.3,22.05,34.5,14.75,34.5,9.85,24.65,17.15,17.3,1.02,7.35,22.45,33.188,17.25,37.35,46.017,14.75,20.5,71.43199999999999,1.15,7.85,0.45499999999999996,2.15,22.6,0.094,17.3,3.65,74.65
90,60,2019-12-29,11,1,2019-2020,Minas,Brasília,84.9,30.3,40.0,14.6,40.7,12.9,27.8,17.7,11.5,1.6720000000000002,10.1,30.0,33.827999999999996,20.0,38.4,52.164,14.6,18.5,78.344,2.3,6.2,0.567,2.1,23.8,0.089,11.5,1.6,97.9,73.25,19.65,39.1,14.5,37.85,11.35,26.5,15.65,15.1,1.085,6.55,22.75,28.656,19.55,40.7,47.77,14.5,22.6,65.143,1.4,7.5,0.503,2.0,21.0,0.098,15.1,1.9,75.65
76,73,2020-01-13,1,2,2019-2020,Brasília,Pato Basquete,74.0,20.7,38.6,14.7,38.2,11.4,26.8,15.5,15.5,1.024,6.9,22.7,30.360999999999997,19.3,40.0,48.003,14.7,23.0,64.895,1.3,7.6,0.487,1.8,20.7,0.089,15.5,2.3,76.8,73.05,22.5,35.8,14.75,35.05,9.8,25.25,17.8,17.15,1.0790000000000002,7.5,22.35,33.815999999999995,17.9,37.8,47.214,14.75,20.25,72.64699999999999,1.05,7.65,0.446,2.3,23.0,0.099,17.15,3.3,78.45
94,90,2020-01-14,1,2,2019-2020,Rio Claro,São Paulo,86.801,27.0,40.20100000000001,19.6,32.398999999999994,7.1,25.299,20.399,12.501000000000001,1.7289999999999999,8.998999999999999,24.9,36.33,20.099,34.199,58.848,19.6,24.000999999999998,81.99999999999999,2.3009999999999997,5.601000000000001,0.458,1.299,22.9,0.05499999999999999,12.501000000000001,2.2,99.599,87.149,33.3,38.6,15.249,40.601000000000006,10.55,30.051000000000005,19.999000000000002,12.101,1.7430000000000003,11.1,31.698999999999995,35.666999999999994,19.3,33.801,57.55499999999999,15.249,19.899,76.817,2.7990000000000004,5.401000000000001,0.445,2.649,17.35,0.154,12.101,1.7,103.85099999999997
103,92,2020-01-14,1,2,2019-2020,Corinthians,Coop/São José Basketball,81.801,25.5,43.2,13.100999999999999,36.199,11.4,24.799,17.499000000000002,12.6,1.4230000000000003,8.5,23.201,37.17300000000001,21.6,41.5,52.09000000000001,13.100999999999999,19.401,67.69500000000001,1.8009999999999997,8.899,0.744,2.499,22.2,0.11600000000000002,12.6,2.1990000000000003,93.0,83.3,22.95,44.7,15.65,34.1,10.0,24.1,19.0,15.85,1.217,7.65,21.75,35.307,22.35,42.4,53.011,15.65,21.75,71.309,2.1,7.9,0.505,2.5,22.65,0.11000000000000001,15.85,2.45,90.5
57,77,2020-01-15,1,2,2019-2020,Fortaleza B. C. / CFO,Pinheiros,71.601,23.7,35.799,12.099,37.699,10.2,27.499000000000002,13.1,13.099,1.0,7.9,25.9,30.875999999999998,17.901,36.9,48.993,12.099,17.701,68.425,1.6,7.4,0.5650000000000001,2.901,21.2,0.13599999999999998,13.099,1.8,76.599,79.3,25.65,38.2,15.45,35.2,9.2,26.0,16.2,13.6,1.241,8.55,23.3,36.609,19.1,36.85,51.987,15.45,21.85,70.90700000000001,0.9,6.9,0.529,1.75,20.45,0.088,13.6,2.45,86.65
86,76,2020-01-15,1,2,2019-2020,Minas,Pato Basquete,85.9,30.3,40.0,15.6,41.1,12.6,28.5,18.4,12.1,1.6200000000000003,10.1,29.6,34.424,20.0,37.5,53.398,15.6,19.9,77.844,2.3,6.4,0.55,2.2,23.1,0.095,12.1,1.9,100.6,73.6,22.5,36.4,14.7,35.3,9.8,25.5,18.35,16.45,1.159,7.5,22.4,33.76199999999999,18.2,38.5,47.062,14.7,19.75,74.479,1.15,7.3,0.44299999999999995,2.25,22.9,0.098,16.45,3.05,80.1
73,72,2020-01-16,1,2,2019-2020,Paulistano,Botafogo,79.8,33.9,35.0,10.9,36.6,10.2,26.4,16.5,10.7,1.668,11.3,33.1,35.21300000000001,17.5,33.3,52.50899999999999,10.9,15.6,70.662,3.5,5.3,0.495,2.2,20.8,0.10600000000000001,10.7,1.9,87.1,80.3,34.35,33.4,12.55,34.2,9.7,24.5,19.6,13.95,1.5120000000000002,11.45,30.9,37.426,16.7,32.5,52.197,12.55,15.1,83.6,1.0,5.75,0.472,2.25,23.35,0.1,13.95,2.45,90.15
80,81,2020-01-17,1,2,2019-2020,UNIFACISA,Pinheiros,82.999,31.2,39.20100000000001,12.601,37.1,10.199,26.901000000000003,18.201,12.099,1.5320000000000003,10.399,30.101000000000006,33.964999999999996,19.599,36.199,53.82000000000001,12.601,15.799000000000001,77.05,1.7990000000000002,6.7,0.5700000000000001,2.501,20.701000000000004,0.125,12.099,1.8990000000000002,95.7,79.8,25.8,39.1,14.9,35.65,9.1,26.55,16.75,13.7,1.27,8.6,22.9,37.45700000000001,19.55,36.9,53.22099999999999,14.9,21.65,68.83,0.95,6.75,0.5169999999999999,1.65,19.55,0.08700000000000001,13.7,2.5,88.3
80,108,2020-01-17,1,2,2019-2020,Coop/São José Basketball,Bauru Basket,84.0,24.0,44.2,15.8,34.05,10.45,23.6,19.65,16.05,1.244,8.0,22.55,35.479,22.1,42.05,52.82899999999999,15.8,22.05,71.056,2.05,7.7,0.487,2.55,23.2,0.11100000000000002,16.05,2.4,91.0,78.5,24.9,40.8,12.8,35.3,10.1,25.2,15.7,14.0,1.2029999999999998,8.3,24.5,33.858999999999995,20.4,38.0,54.111000000000004,12.8,19.1,64.67,0.9,8.7,0.639,1.1,20.4,0.062,14.0,1.1,85.2
83,68,2020-01-18,1,2,2019-2020,São Paulo,Botafogo,87.299,32.7,38.2,16.399,41.401,11.1,30.301,19.799,12.301,1.7120000000000002,10.9,31.398999999999994,35.39,19.1,34.301,56.169999999999995,16.399,20.899,78.92999999999999,2.899,5.301,0.433,2.499,17.9,0.13899999999999996,12.301,1.6,103.701,79.15,34.05,32.3,12.8,34.3,9.4,24.9,19.45,13.3,1.5720000000000003,11.35,30.85,37.143,16.15,32.6,50.515,12.8,15.55,82.74099999999999,1.0,5.9,0.505,2.1,23.1,0.095,13.3,2.35,88.7
87,92,2020-01-20,2,2,2019-2020,Brasília,Rio Claro,75.5,20.85,39.3,15.35,38.2,11.5,26.7,15.35,15.95,0.999,6.95,22.45,30.866999999999997,19.65,39.75,49.227999999999994,15.35,23.8,65.063,1.15,7.15,0.45299999999999996,1.8,21.4,0.08499999999999999,15.95,2.1,77.9,86.401,26.9,40.168000000000006,19.333,32.748999999999995,7.2170000000000005,25.532,19.899,12.601,1.686,8.966,24.767000000000003,36.36,20.082,34.38199999999999,58.499,19.333,23.868000000000002,81.411,2.034,5.034000000000001,0.41600000000000004,1.116,23.15,0.047,12.601,2.45,97.966
97,99,2020-01-21,2,2,2019-2020,Coop/São José Basketball,São Paulo,84.85,24.75,44.6,15.5,33.65,10.65,23.0,20.15,16.0,1.283,8.25,23.35,35.225,22.3,41.8,53.626,15.5,21.6,71.19000000000001,1.9,7.75,0.49300000000000005,2.55,23.9,0.10900000000000001,16.0,2.5,92.1,88.399,33.0,38.0,17.399,41.801,11.9,29.901,19.599,12.401,1.689,11.0,31.699,35.39,19.0,34.201,56.077999999999996,17.399,22.499000000000002,77.68199999999999,2.599,5.301,0.43,2.2990000000000004,17.8,0.12799999999999997,12.401,1.7,103.901
77,70,2020-01-21,2,2,2019-2020,UNIFACISA,Corinthians,81.799,30.0,39.001000000000005,12.800999999999998,36.6,9.799,26.801000000000005,18.000999999999998,11.998999999999999,1.532,9.998999999999999,29.101000000000006,33.757999999999996,19.499000000000002,36.099,53.67700000000001,12.800999999999998,16.399,75.772,1.8990000000000002,6.8,0.591,2.601,20.801,0.13000000000000003,11.998999999999999,1.8990000000000002,94.3,81.301,24.9,42.3,14.100999999999999,36.249,11.15,25.099,16.499000000000002,12.3,1.381,8.3,23.500999999999998,35.77300000000001,21.15,40.9,51.693000000000005,14.100999999999999,20.601,68.72200000000001,1.8509999999999998,8.599,0.735,2.349,21.85,0.11100000000000002,12.3,1.7990000000000002,90.95
104,71,2020-01-22,2,2,2019-2020,Minas,Rio Claro,87.5,30.6,39.9,17.0,40.5,12.35,28.15,18.45,11.9,1.6670000000000003,10.2,28.85,35.547999999999995,19.95,37.55,53.198,17.0,21.7,77.531,2.2,6.45,0.573,2.1,24.25,0.09000000000000001,11.9,1.7,102.15,86.001,26.8,40.135000000000005,19.065999999999995,33.099000000000004,7.3340000000000005,25.764999999999997,19.399,12.701,1.643,8.933,24.634000000000004,36.39,20.064999999999998,34.565,58.15,19.065999999999995,23.735000000000003,80.822,1.7670000000000001,4.467,0.374,0.933,23.4,0.039,12.701,2.7,96.333
78,84,2020-01-23,2,2,2019-2020,Fortaleza B. C. / CFO,Corinthians,71.701,22.8,36.999,11.899,38.299,11.0,27.299,12.7,12.999,0.975,7.6,25.6,30.159999999999997,18.500999999999998,38.1,48.948,11.899,17.901,66.10400000000001,1.6,7.2,0.554,2.601,21.5,0.12300000000000003,12.999,1.7,75.499,81.201,25.5,41.4,14.300999999999998,35.299,10.9,24.399,16.099,12.1,1.3679999999999999,8.5,24.000999999999998,35.873000000000005,20.7,40.3,51.29600000000001,14.300999999999998,20.601,69.591,1.7009999999999998,8.799000000000001,0.754,2.1990000000000003,22.4,0.099,12.1,1.499,89.9
92,78,2020-01-24,2,2,2019-2020,Rio Claro,Coop/São José Basketball,87.101,27.9,39.602000000000004,19.598999999999997,33.699,7.801,25.897999999999996,19.399,12.601,1.65,9.3,25.001000000000005,37.43999999999999,19.797999999999995,34.797999999999995,56.955000000000005,19.598999999999997,24.702000000000005,79.623,1.9,4.199999999999999,0.359,1.0,23.7,0.042,12.601,2.6,96.99999999999999,85.2,25.5,44.0,15.7,33.25,10.35,22.9,19.85,15.3,1.315,8.5,23.95,35.413000000000004,22.0,41.15,53.79600000000001,15.7,21.55,72.40400000000002,1.55,7.4,0.495,2.35,23.85,0.101,15.3,2.35,92.1
94,77,2020-01-24,2,2,2019-2020,Flamengo,Brasília,82.7,29.1,37.8,15.8,39.9,12.7,27.2,18.1,12.4,1.593,9.7,28.1,34.521,18.9,38.0,50.085,15.8,22.6,70.376,0.8,8.3,0.7,2.2,20.2,0.11100000000000002,12.4,2.2,94.4,77.0,21.0,40.0,16.0,38.2,11.6,26.6,15.2,16.4,0.974,7.0,22.2,31.372999999999998,20.0,39.5,50.452999999999996,16.0,24.6,65.231,1.0,6.7,0.41900000000000004,1.8,22.1,0.081,16.4,1.9,79.0
72,85,2020-01-25,2,2,2019-2020,Paulistano,Sesi Franca,78.3,33.75,34.1,10.45,37.35,10.85,26.5,16.1,10.85,1.6310000000000002,11.25,34.9,32.862,17.05,32.8,51.938,10.45,15.55,67.499,3.45,5.75,0.5190000000000001,2.0,20.6,0.098,10.85,2.35,83.9,85.2,32.4,34.0,18.8,36.0,7.6,28.4,17.9,11.9,1.559,10.8,27.5,38.782,17.0,31.9,53.903,18.8,24.1,77.71600000000001,1.8,5.3,0.465,2.3,21.2,0.10700000000000003,11.9,1.5,97.8
110,106,2020-01-25,2,2,2019-2020,Pinheiros,Mogi,83.4,27.0,41.8,14.6,35.9,9.3,26.6,17.1,14.3,1.261,9.0,22.6,39.712,20.9,38.3,54.61800000000001,14.6,21.7,67.204,0.9,7.2,0.526,1.5,19.5,0.081,14.3,2.5,92.5,83.95,27.9,37.6,18.45,38.0,10.05,27.95,17.35,15.3,1.2040000000000002,9.3,25.25,36.964,18.8,36.5,51.725,18.45,24.35,75.561,1.0,7.65,0.514,2.1,20.05,0.10900000000000001,15.3,2.0,94.0
79,86,2020-01-27,3,2,2019-2020,São Paulo,Sesi Franca,86.899,31.5,38.5,16.899,42.001,12.5,29.500999999999998,17.899,12.401,1.5349999999999997,10.5,31.449,34.195,19.25,35.251,54.53399999999999,16.899,22.199,76.01599999999999,2.1990000000000003,5.101,0.4119999999999999,2.349,18.15,0.12799999999999997,12.401,1.75,99.501,85.183,32.35,34.7,18.133000000000003,35.967,7.65,28.317,18.183,12.05,1.5609999999999997,10.783,27.467000000000002,38.772,17.35,32.55,53.886,18.133000000000003,23.1,78.369,1.783,5.167,0.445,2.35,21.267000000000003,0.10900000000000001,12.05,1.567,97.85
78,73,2020-01-27,3,2,2019-2020,Mogi,Fortaleza B. C. / CFO,84.25,28.95,36.9,18.4,38.0,10.1,27.9,17.5,15.6,1.1880000000000002,9.65,25.7,37.594,18.45,35.45,52.051,18.4,24.2,75.887,1.0,7.2,0.47400000000000003,2.15,19.5,0.11300000000000003,15.6,2.1,94.45,72.201,23.4,37.199,11.599,38.266000000000005,11.6,26.666000000000004,12.7,13.199000000000002,0.9570000000000001,7.8,25.933,30.517000000000003,18.601,38.233,49.009,11.599,17.668,65.29599999999999,1.7,7.5329999999999995,0.5730000000000001,2.7009999999999996,21.532999999999998,0.12700000000000003,13.199000000000002,1.533,75.966
83,77,2020-01-28,3,2,2019-2020,Flamengo,UNIFACISA,83.9,29.7,38.2,16.0,39.0,12.25,26.75,17.95,12.15,1.609,9.9,28.5,34.777,19.1,37.65,51.077999999999996,16.0,22.95,70.282,0.85,8.15,0.702,2.2,20.65,0.10900000000000003,12.15,2.25,94.85,82.149,30.75,37.801,13.600999999999999,36.6,9.549,27.051,17.901,12.149,1.5159999999999998,10.248999999999999,28.801,35.194,18.899,35.898999999999994,52.42,13.600999999999999,17.149,76.85999999999999,1.8490000000000002,7.05,0.6020000000000001,2.8009999999999997,20.250999999999998,0.14400000000000002,12.149,1.8990000000000002,95.1
84,86,2020-01-28,3,2,2019-2020,Botafogo,Minas,79.2,33.6,32.067,13.532999999999998,34.632999999999996,9.4,25.232999999999997,19.032999999999998,13.0,1.568,11.2,30.433,37.137,16.032999999999998,32.632999999999996,50.132999999999996,13.532999999999998,16.667,81.687,1.067,6.133,0.5279999999999999,2.067,23.067,0.094,13.0,2.2670000000000003,88.9,87.75,29.1,41.1,17.55,39.85,12.0,27.85,17.9,12.15,1.592,9.7,27.5,35.142999999999994,20.55,38.05,53.998000000000005,17.55,22.65,76.654,2.05,6.25,0.5440000000000002,2.15,24.1,0.093,12.15,1.65,101.35
83,82,2020-01-29,3,2,2019-2020,Mogi,Sesi Franca,84.6,30.3,35.8,18.5,37.7,9.65,28.05,17.25,15.7,1.1640000000000001,10.1,26.3,38.414,17.9,34.6,51.626999999999995,18.5,24.25,76.195,0.95,6.95,0.45600000000000007,1.9,19.6,0.1,15.7,2.1,93.85,85.16600000000001,32.3,35.4,17.466,35.934000000000005,7.7,28.234,18.465999999999998,12.2,1.563,10.766,27.434000000000005,38.762,17.7,33.2,53.86899999999999,17.466,22.1,79.022,1.7659999999999996,5.034000000000001,0.42499999999999993,2.4,21.334000000000003,0.11100000000000002,12.2,1.634,97.9
104,76,2020-01-29,3,2,2019-2020,Bauru Basket,Rio Claro,81.5,26.7,42.0,12.8,37.2,10.7,26.5,16.4,13.3,1.4449999999999998,8.9,25.2,35.17399999999999,21.0,38.7,54.501,12.8,19.4,63.638,1.2,8.4,0.66,0.9,20.6,0.05,13.3,1.0,90.5,85.701,26.7,40.202000000000005,18.798999999999996,34.299,8.501000000000001,25.797999999999995,17.999000000000002,12.700999999999999,1.5010000000000001,8.9,24.001000000000005,37.10699999999999,20.097999999999995,36.19799999999999,55.922000000000004,18.798999999999996,24.702000000000005,75.623,1.9,3.8999999999999995,0.32700000000000007,1.3,23.6,0.05800000000000001,12.700999999999999,2.5,93.39999999999999
76,81,2020-01-30,3,2,2019-2020,Botafogo,UNIFACISA,79.9,33.45,32.134,14.315999999999999,34.965999999999994,9.9,25.065999999999995,19.165999999999997,12.85,1.588,11.15,30.715999999999998,36.467999999999996,16.065999999999995,32.516,50.39,14.315999999999999,17.734,81.35600000000001,1.184,6.465999999999999,0.5539999999999999,2.184,23.084000000000003,0.099,12.85,2.0840000000000005,90.25,82.499,31.5,36.601,14.401,36.6,9.299,27.301,17.801,12.299,1.5,10.498999999999999,28.500999999999998,36.63,18.299,35.699,51.163000000000004,14.401,17.899,77.94799999999998,1.7990000000000002,7.3,0.613,3.001,19.701,0.158,12.299,1.8990000000000002,95.9
83,104,2020-01-30,3,2,2019-2020,Coop/São José Basketball,Fortaleza B. C. / CFO,85.1,26.4,43.0,15.7,32.5,10.3,22.2,19.5,14.5,1.3539999999999999,8.8,24.3,36.27,21.5,40.6,53.35,15.7,21.2,73.75000000000003,1.3,6.7,0.4739999999999999,2.1,23.1,0.093,14.5,2.2,91.1,73.434,23.4,38.465999999999994,11.565999999999999,38.5,12.2,26.3,12.6,13.266,0.944,7.8,25.965999999999998,30.461000000000002,19.234,38.766,49.949,11.565999999999999,17.267999999999997,66.76399999999998,1.8,7.566,0.5719999999999998,2.734,21.865999999999996,0.12700000000000003,13.266,1.566,77.79999999999998
75,74,2020-01-31,3,2,2019-2020,São Paulo,Paulistano,86.699,30.9,39.4,16.399,41.501,11.8,29.701,17.399,12.001,1.5259999999999998,10.3,30.599,34.188,19.7,35.801,54.923,16.399,21.299,76.43299999999999,2.2990000000000004,4.801,0.3989999999999999,2.1990000000000003,18.3,0.11699999999999999,12.001,1.9,99.201,77.0,34.2,32.8,10.0,38.4,11.7,26.7,16.2,10.3,1.722,11.4,36.7,30.987000000000002,16.4,32.5,50.43,10.0,15.0,67.221,3.3,5.4,0.507,1.9,20.3,0.095,10.3,2.4,82.0
91,95,2020-01-31,3,2,2019-2020,Flamengo,Minas,85.1,30.3,38.6,16.2,38.1,11.8,26.3,17.8,11.9,1.625,10.1,28.9,35.033,19.3,37.3,52.07099999999999,16.2,23.3,70.188,0.9,8.0,0.704,2.2,21.1,0.10700000000000001,11.9,2.3,95.3,87.15,27.15,41.8,18.2,39.5,11.25,28.25,17.15,12.55,1.4659999999999997,9.05,26.05,34.419,20.9,38.65,53.971000000000004,18.2,23.6,76.303,2.0,6.3,0.5290000000000001,2.25,23.8,0.098,12.55,2.0,99.65
94,83,2020-02-01,3,2,2019-2020,Sesi Franca,Corinthians,84.99900000000001,31.8,35.7,17.499000000000002,35.351000000000006,7.6,27.751000000000005,18.698999999999995,11.9,1.614,10.599,27.401000000000003,38.251999999999995,17.85,33.0,54.61,17.499000000000002,21.75,80.62399999999998,1.599,5.2010000000000005,0.44499999999999995,2.35,21.151000000000003,0.11000000000000001,11.9,1.551,98.4,81.134,26.1,40.8,14.234,35.465999999999994,11.4,24.066,15.966,11.8,1.3969999999999998,8.7,25.034,35.125,20.4,40.0,50.963,14.234,20.334,70.06099999999999,1.534,8.565999999999999,0.755,1.966,22.7,0.08700000000000001,11.8,1.466,89.1
86,72,2020-02-01,3,2,2019-2020,Botafogo,Fortaleza B. C. / CFO,80.6,33.3,32.20100000000001,15.099,35.29899999999999,10.4,24.898999999999994,19.298999999999996,12.7,1.6079999999999999,11.1,30.998999999999995,35.79899999999999,16.099,32.398999999999994,50.64699999999999,15.099,18.801000000000005,81.025,1.301,6.7989999999999995,0.5799999999999998,2.3009999999999997,23.101000000000006,0.10400000000000001,12.7,1.9009999999999998,91.6,74.667,23.4,39.733,11.533,38.734,12.8,25.934000000000005,12.5,13.332999999999998,0.931,7.8,25.998999999999995,30.405,19.867,39.29899999999999,50.88899999999999,11.533,16.868,68.232,1.9,7.598999999999999,0.571,2.7670000000000003,22.198999999999995,0.12700000000000003,13.332999999999998,1.599,79.63399999999999
96,94,2020-02-02,4,2,2019-2020,Mogi,UNIFACISA,85.267,30.9,36.267,18.1,37.6,9.433,28.167,16.7,15.4,1.154,10.3,27.032999999999998,38.133,18.133,34.667,52.14399999999999,18.1,23.767,76.003,1.033,6.833,0.45700000000000013,1.8,19.5,0.096,15.4,1.967,93.667,82.199,31.35,36.101,14.751,37.4,9.649,27.750999999999998,17.601,12.999,1.422,10.449,28.101,37.056000000000004,18.049,35.749,50.451,14.751,18.599,77.181,2.0490000000000004,7.0,0.5770000000000001,3.001,19.551,0.159,12.999,2.099,94.9
78,71,2020-02-03,4,2,2019-2020,Flamengo,Fortaleza B. C. / CFO,85.533,31.5,38.0,16.033,37.267,10.933,26.333,18.9,11.767,1.7289999999999999,10.5,29.5,35.88000000000001,19.0,35.967,52.866,16.033,22.532999999999998,71.514,1.067,7.767,0.692,2.4,19.933,0.119,11.767,2.433,97.533,74.9,22.8,40.9,11.2,38.651,12.6,26.051000000000005,12.55,13.3,0.9380000000000001,7.6,25.898999999999994,29.673999999999996,20.45,39.79899999999999,51.751999999999995,11.2,16.000999999999998,70.16099999999999,1.9,7.499,0.564,2.9,22.348999999999997,0.133,13.3,1.6490000000000002,80.451
86,106,2020-02-03,4,2,2019-2020,Pato Basquete,São Paulo,74.55,21.9,38.1,14.55,34.6,9.75,24.85,18.65,15.35,1.278,7.3,21.45,34.228,19.05,40.15,47.062,14.55,19.4,74.866,1.3,7.1,0.47300000000000003,1.95,22.55,0.08600000000000001,15.35,2.85,81.4,87.716,31.5,39.6,16.616,40.884,11.9,28.984,17.366,12.084,1.503,10.5,30.465999999999998,34.963,19.8,35.234,56.302,16.616,21.716,76.101,2.316,4.784000000000001,0.394,2.266,18.35,0.121,12.084,2.05,100.334
75,74,2020-02-04,4,2,2019-2020,Bauru Basket,Corinthians,80.55,26.25,41.7,12.6,36.75,10.35,26.4,15.5,13.8,1.361,8.75,24.6,35.356,20.85,38.3,54.634,12.6,19.0,63.92999999999999,1.25,8.65,0.658,0.75,20.85,0.039999999999999994,13.8,1.35,88.7,80.167,26.1,39.6,14.467000000000002,35.733,11.3,24.433,15.633,11.7,1.3809999999999998,8.7,25.767000000000003,33.963,19.8,39.5,50.123000000000005,14.467000000000002,20.067,71.95899999999999,1.467,8.133,0.726,1.8329999999999997,22.8,0.08,11.7,1.333,87.3
91,71,2020-02-04,4,2,2019-2020,Coop/São José Basketball,UNIFACISA,85.0,25.5,44.0,15.5,32.6,10.4,22.2,20.0,13.6,1.7109999999999999,8.5,24.2,35.362,22.0,41.4,53.426,15.5,20.9,73.918,1.2,6.9,0.6039999999999999,1.8,22.5,0.082,13.6,2.3,92.0,81.899,31.2,35.601,15.100999999999999,38.2,9.999,28.201,17.401,13.699000000000002,1.344,10.399000000000001,27.701,37.482000000000006,17.799,35.799,49.739,15.100999999999999,19.299,76.414,2.2990000000000004,6.7,0.541,3.001,19.401,0.16,13.699000000000002,2.2990000000000004,93.9
78,69,2020-02-04,4,2,2019-2020,Sesi Franca,Pinheiros,84.84900000000002,30.45,36.9,17.499000000000002,34.851000000000006,7.4,27.451000000000004,18.549,11.35,1.671,10.149,26.651000000000003,37.806999999999995,18.45,33.3,55.81700000000001,17.499000000000002,21.35,82.27999999999999,1.399,5.401000000000001,0.48099999999999987,2.35,20.451000000000004,0.11800000000000002,11.35,1.501,99.35,82.05,26.7,41.1,14.25,35.8,9.5,26.3,16.35,14.4,1.202,8.9,22.45,39.53,20.55,38.9,52.882999999999996,14.25,20.75,69.29899999999999,0.85,7.25,0.5269999999999999,1.45,19.35,0.079,14.4,2.5,89.9
71,86,2020-02-05,4,2,2019-2020,Pato Basquete,Flamengo,75.65,21.15,40.5,14.0,34.0,9.8,24.2,18.7,14.35,1.3809999999999998,7.05,20.95,33.879000000000005,20.25,41.85,48.059999999999995,14.0,18.8,74.05600000000001,1.4,6.85,0.49800000000000005,1.85,22.5,0.081,14.35,2.6,82.4,85.36600000000001,31.8,37.8,15.766000000000002,36.934000000000005,10.666,26.266,19.4,11.634,1.7870000000000001,10.6,29.8,35.834,18.9,35.334,53.416,15.766000000000002,22.365999999999996,70.876,1.234,7.634,0.687,2.5,19.465999999999998,0.12600000000000003,11.634,2.2659999999999996,97.96600000000001
70,86,2020-02-05,4,2,2019-2020,Brasília,Mogi,75.0,20.55,38.4,16.05,37.5,11.3,26.2,14.75,16.25,0.9540000000000001,6.85,22.3,30.567,19.2,38.85,49.245999999999995,16.05,23.6,68.148,0.95,6.55,0.4130000000000001,1.9,21.7,0.088,16.25,1.75,76.6,84.434,30.75,37.034000000000006,16.65,37.5,9.116,28.384000000000004,16.4,15.55,1.1059999999999999,10.25,26.815999999999995,38.21900000000001,18.516,35.184000000000005,52.437,16.65,22.183999999999997,75.14200000000001,1.116,6.715999999999999,0.43900000000000006,1.9,19.5,0.10200000000000001,15.55,1.9340000000000004,92.434
70,63,2020-02-06,4,2,2019-2020,Bauru Basket,Pinheiros,79.6,25.8,41.4,12.4,36.3,10.0,26.3,14.6,14.3,1.277,8.6,24.0,35.538,20.7,37.9,54.76700000000001,12.4,18.6,64.22200000000001,1.3,8.9,0.656,0.6,21.1,0.03,14.3,1.7,86.9,80.7,26.4,40.4,13.9,35.7,9.7,26.0,15.6,14.5,1.1429999999999998,8.8,22.3,39.348,20.2,39.5,51.148,13.9,19.8,71.394,0.8,7.3,0.5280000000000001,1.4,19.2,0.077,14.5,2.5,87.3
84,78,2020-02-07,4,2,2019-2020,Botafogo,Brasília,82.2,33.9,33.401,14.899000000000001,34.29899999999999,9.4,24.898999999999994,19.398999999999994,12.8,1.6079999999999999,11.3,30.198999999999995,37.17399999999999,16.699,32.498999999999995,52.879999999999995,14.899000000000001,18.701,80.146,1.201,6.7989999999999995,0.5779999999999998,2.2009999999999996,23.301000000000005,0.1,12.8,2.001,93.5,75.4,20.7,38.4,16.3,37.15,10.95,26.2,14.75,15.7,0.9949999999999999,6.9,22.2,30.909000000000002,19.2,38.8,49.309,16.3,23.2,70.565,0.8,6.2,0.40800000000000003,1.85,21.0,0.089,15.7,1.65,77.65
75,97,2020-02-07,4,2,2019-2020,Fortaleza B. C. / CFO,Sesi Franca,73.1,22.2,41.0,9.9,36.901,11.5,25.401000000000003,12.8,13.0,0.977,7.4,25.398999999999994,29.522999999999996,20.5,40.099,51.431,9.9,14.200999999999999,70.532,1.8,6.898999999999999,0.5349999999999999,3.1,22.098999999999997,0.143,13.0,1.499,77.601,85.449,31.05,37.4,16.999000000000002,34.45100000000001,7.0,27.451000000000004,18.799,11.45,1.6789999999999998,10.349,26.501000000000005,38.903999999999996,18.7,33.3,56.475,16.999000000000002,20.55,83.00999999999999,1.349,5.601000000000001,0.4969999999999999,2.55,19.801000000000005,0.13499999999999998,11.45,1.551,101.0
85,87,2020-02-07,4,2,2019-2020,Minas,São Paulo,86.0,26.1,42.0,17.9,39.4,10.8,28.6,16.8,12.2,1.5459999999999998,8.7,25.1,34.3,21.0,39.2,53.42,17.9,23.3,75.90800000000002,2.2,6.2,0.549,2.2,23.4,0.09700000000000002,12.2,2.2,98.4,88.73299999999999,32.1,39.8,16.833,40.267,12.0,28.267000000000003,17.333,12.167,1.48,10.7,30.333,35.738,19.9,34.667,57.681,16.833,22.133,75.76899999999998,2.3329999999999997,4.767,0.38899999999999996,2.3329999999999997,18.4,0.125,12.167,2.2,101.46700000000001
69,74,2020-02-08,4,2,2019-2020,Mogi,Flamengo,83.60099999999998,30.6,37.801,15.2,37.4,8.799,28.601000000000006,16.1,15.7,1.058,10.2,26.598999999999997,38.30500000000001,18.898999999999994,35.70100000000001,52.73,15.2,20.600999999999996,74.28099999999999,1.199,6.598999999999999,0.421,2.0,19.5,0.10800000000000001,15.7,1.9010000000000005,91.201,85.24900000000001,31.35,37.7,16.199000000000005,37.801,11.049,26.748999999999995,20.0,11.451,1.857,10.45,29.8,35.27900000000001,18.85,35.501000000000005,52.997,16.199000000000005,22.698999999999995,71.953,1.401,7.4510000000000005,0.6810000000000002,2.45,19.298999999999996,0.12399999999999997,11.451,2.0490000000000004,98.99900000000001
86,92,2020-02-10,5,2,2019-2020,UNIFACISA,Sesi Franca,81.216,30.95,36.234,14.034,37.6,9.716,27.884000000000004,17.984,13.766,1.3849999999999998,10.315999999999999,27.384000000000004,37.67,18.116,35.815999999999995,50.68900000000001,14.034,18.316,74.392,2.516,6.9,0.555,2.934,19.084,0.15800000000000003,13.766,2.366,93.75,86.499,33.0,37.2,16.299,33.801,7.0,26.801000000000005,18.999000000000002,11.8,1.645,10.998999999999999,27.401000000000003,40.021,18.6,32.4,57.763999999999996,16.299,19.4,84.48600000000002,1.499,5.901000000000001,0.5079999999999999,2.5,19.401,0.134,11.8,1.6009999999999998,102.5
70,86,2020-02-10,5,2,2019-2020,Paulistano,Flamengo,77.3,33.6,33.533,10.167,38.867000000000004,11.917,26.95,16.75,10.6,1.738,11.2,36.667,30.439999999999998,16.767000000000003,32.382999999999996,51.749,10.167,15.35,66.672,3.1670000000000003,5.3,0.488,1.8,20.05,0.091,10.6,2.25,82.95,85.799,32.1,37.6,16.099,38.70100000000001,10.899,27.798999999999996,20.1,11.201,1.8930000000000002,10.7,30.0,35.848,18.8,35.501000000000005,52.840999999999994,16.099,22.098999999999997,74.175,1.401,7.301,0.682,2.5,19.298999999999996,0.12699999999999997,11.201,1.6990000000000003,101.19900000000001
88,79,2020-02-11,5,2,2019-2020,Corinthians,Rio Claro,80.1,26.25,39.4,14.45,35.55,11.0,24.55,16.1,11.55,1.44,8.75,26.1,33.571999999999996,19.7,39.0,50.565,14.45,19.45,74.048,1.5,7.9,0.717,1.85,23.05,0.08000000000000002,11.55,1.15,88.2,85.834,26.45,40.935,18.449,34.416,8.651,25.764999999999997,18.266,12.884,1.5030000000000001,8.817,23.851000000000006,36.94799999999999,20.464999999999996,36.864999999999995,55.854,18.449,24.335,75.33099999999999,2.033,4.183,0.342,1.167,23.55,0.05300000000000001,12.884,2.65,93.66699999999999
87,71,2020-02-11,5,2,2019-2020,Minas,Mogi,84.95,25.65,42.1,17.2,39.35,10.9,28.45,16.7,12.65,1.4909999999999999,8.55,24.45,34.682,21.05,39.55,53.088,17.2,22.65,74.78299999999999,2.25,6.65,0.564,2.4,23.0,0.10800000000000001,12.65,2.25,97.55,83.00099999999999,31.05,36.70100000000001,15.25,36.2,8.849,27.351000000000006,16.45,16.2,1.056,10.35,26.498999999999995,39.093,18.349,35.501000000000005,51.51400000000001,15.25,20.250999999999998,75.68499999999999,0.999,6.848999999999999,0.421,2.1,19.55,0.11400000000000002,16.2,1.9509999999999998,90.00099999999999
83,92,2020-02-12,5,2,2019-2020,Pinheiros,Coop/São José Basketball,80.6,26.55,40.5,13.55,35.65,10.05,25.6,15.95,14.05,1.2219999999999998,8.85,22.75,38.79199999999999,20.25,39.45,51.339999999999996,13.55,20.05,68.603,1.0,7.45,0.559,1.35,19.45,0.072,14.05,2.0,87.15,84.9,25.2,45.0,14.7,33.2,10.7,22.5,20.0,13.6,1.7109999999999999,8.4,23.5,36.069,22.5,42.4,53.124,14.7,20.4,72.451,1.2,6.9,0.604,1.5,22.5,0.06800000000000002,13.6,2.2,92.0
83,64,2020-02-12,5,2,2019-2020,UNIFACISA,Bauru Basket,80.53299999999999,30.7,36.867000000000004,12.967000000000002,37.0,9.433,27.567,18.567,13.832999999999998,1.4259999999999997,10.233,27.067,37.858000000000004,18.433,35.833,51.63900000000001,12.967000000000002,17.333,72.36999999999999,2.7329999999999997,7.1,0.5690000000000001,2.867,18.767000000000003,0.15600000000000006,13.832999999999998,2.433,93.6,78.8,25.05,41.2,12.55,36.9,10.1,26.8,14.85,14.25,1.304,8.35,23.25,35.35600000000001,20.6,38.75,53.274,12.55,18.65,64.721,1.35,8.4,0.614,0.6,21.0,0.03,14.25,1.7,86.15
69,75,2020-02-12,5,2,2019-2020,Pato Basquete,Botafogo,75.8,20.7,40.4,14.7,34.3,10.0,24.3,18.4,14.1,1.377,6.9,20.7,33.601000000000006,20.2,42.3,47.419999999999995,14.7,19.7,74.24600000000001,1.4,6.6,0.49000000000000005,2.0,23.1,0.085,14.1,2.7,82.1,81.25,33.45,32.401,15.399000000000001,33.748999999999995,8.95,24.798999999999996,19.049,13.4,1.4700000000000002,11.15,29.748999999999995,37.293,16.199,31.548999999999996,52.742,15.399000000000001,19.701,78.06299999999999,1.251,6.148999999999999,0.46699999999999997,2.251,23.001000000000005,0.10400000000000001,13.4,2.401,90.8
66,71,2020-02-13,5,2,2019-2020,Minas,Paulistano,83.9,25.2,42.2,16.5,39.3,11.0,28.3,16.6,13.1,1.4360000000000002,8.4,23.8,35.064,21.1,39.9,52.75599999999999,16.5,22.0,73.65799999999999,2.3,7.1,0.579,2.6,22.6,0.119,13.1,2.3,96.7,77.6,33.0,34.266,10.334,39.334,12.134,27.2,17.3,10.9,1.7540000000000002,11.0,36.634,29.892999999999994,17.134000000000004,32.266,53.068000000000005,10.334,15.7,66.123,3.0340000000000003,5.2,0.46900000000000003,1.7,19.8,0.08700000000000001,10.9,2.1,83.9
73,96,2020-02-13,5,2,2019-2020,Brasília,São Paulo,76.55,21.0,38.7,16.85,37.15,10.75,26.4,15.35,15.3,1.068,7.0,22.35,31.105,19.35,38.9,49.595,16.85,23.25,72.691,0.75,5.85,0.397,1.75,19.65,0.091,15.3,1.7,79.85,89.7,33.6,40.0,16.1,40.2,12.1,28.1,17.6,12.5,1.44,11.2,31.4,36.001999999999995,20.0,34.2,58.83800000000001,16.1,20.9,77.45599999999999,2.4,5.4,0.43,2.6,19.0,0.135,12.5,2.1,103.7
78,83,2020-02-14,5,2,2019-2020,Fortaleza B. C. / CFO,Bauru Basket,73.6,21.45,41.9,10.25,36.001000000000005,10.9,25.101,12.95,12.75,1.019,7.15,24.049,29.855999999999995,20.95,40.599,51.956999999999994,10.25,14.651,70.711,1.8,6.648999999999999,0.522,2.95,21.949,0.13699999999999998,12.75,1.449,78.201,78.0,24.3,41.0,12.7,37.5,10.2,27.3,15.1,14.2,1.331,8.1,22.5,35.174,20.5,39.6,51.78099999999999,12.7,18.7,65.22,1.4,7.9,0.5720000000000001,0.6,20.9,0.030000000000000006,14.2,1.7,85.4
89,90,2020-02-14,5,2,2019-2020,Rio Claro,Botafogo,85.96700000000001,26.2,41.668000000000006,18.099,34.533,8.801,25.732,18.532999999999998,13.067000000000002,1.5050000000000001,8.734,23.701,36.788999999999994,20.832,37.532,55.786000000000016,18.099,23.968,75.039,2.166,4.465999999999999,0.35700000000000004,1.034,23.5,0.04800000000000001,13.067000000000002,2.8,93.934,81.4,33.75,31.501000000000005,16.149,32.998999999999995,8.3,24.699,18.649,13.15,1.465,11.25,29.298999999999996,38.148,15.749,31.048999999999996,52.08399999999999,16.149,20.601,78.31299999999999,1.501,6.098999999999999,0.47000000000000003,2.4509999999999996,22.951,0.11300000000000002,13.15,2.401,90.65
81,78,2020-02-15,5,2,2019-2020,Pinheiros,Corinthians,80.6,27.3,40.0,13.3,34.7,9.5,25.2,16.8,13.7,1.3289999999999997,9.1,23.2,39.346999999999994,20.0,38.2,52.236000000000004,13.3,19.8,68.179,1.4,7.5,0.58,1.4,19.9,0.07,13.7,1.9,88.3,80.3,26.4,39.2,14.7,35.0,10.4,24.6,16.3,11.1,1.509,8.8,25.9,34.099999999999994,19.6,38.6,50.88100000000001,14.7,19.5,75.275,1.5,7.9,0.737,1.8,22.8,0.079,11.1,0.9,89.2
90,78,2020-02-15,5,2,2019-2020,Brasília,Paulistano,77.5,22.5,37.6,17.4,36.8,10.5,26.3,15.6,15.3,1.0879999999999999,7.5,23.4,32.001,18.8,37.4,49.902,17.4,23.8,73.28200000000001,0.9,5.9,0.40099999999999997,1.9,19.2,0.10299999999999998,15.3,1.8,81.3,77.0,32.4,34.398999999999994,10.201,40.001000000000005,12.651,27.35,17.25,11.3,1.7000000000000004,10.8,36.751000000000005,29.204999999999995,17.201000000000004,32.349,53.141000000000005,10.201,15.5,66.16,3.0010000000000003,5.05,0.44000000000000006,1.6,19.85,0.08100000000000002,11.3,2.05,83.05
84,72,2020-02-26,6,2,2019-2020,Pato Basquete,Fortaleza B. C. / CFO,76.75,22.05,40.0,14.7,35.75,10.75,25.0,19.2,13.65,1.4659999999999997,7.35,21.95,33.756,20.0,42.65,46.541,14.7,19.9,73.26400000000001,1.25,6.7,0.515,1.9,22.4,0.083,13.65,2.45,84.2,73.85,22.05,41.5,10.3,34.351000000000006,10.1,24.250999999999998,13.3,13.0,1.028,7.35,23.199,31.350999999999992,20.75,40.29899999999999,51.79,10.3,14.550999999999998,71.284,1.7,7.0489999999999995,0.54,2.65,21.349,0.126,13.0,1.599,78.351
124,119,2020-02-27,6,2,2019-2020,Minas,Coop/São José Basketball,89.3,26.25,45.6,17.45,39.25,10.75,28.5,18.55,13.5,1.5190000000000001,8.75,24.4,35.672999999999995,22.8,40.75,55.574,17.45,23.15,73.86299999999999,2.4,8.15,0.626,2.35,23.2,0.10600000000000001,13.5,2.45,104.8,88.9,27.45,45.2,16.25,33.1,11.0,22.1,20.25,13.7,1.718,9.15,25.2,36.602999999999994,22.6,42.05,53.876,16.25,22.0,73.872,1.0,7.35,0.6280000000000001,1.35,22.85,0.06000000000000001,13.7,1.85,95.85
71,61,2020-02-28,6,2,2019-2020,Pato Basquete,UNIFACISA,76.7,21.6,41.1,14.0,36.5,10.95,25.55,19.3,13.25,1.511,7.2,21.9,33.153,20.55,43.3,47.144999999999996,14.0,19.1,72.639,1.3,7.0,0.5509999999999999,1.9,21.95,0.085,13.25,2.6,85.6,77.5,27.9,37.4,12.2,37.1,9.3,27.8,18.3,14.3,1.367,9.3,26.4,35.393,18.7,36.2,51.897000000000006,12.2,16.6,71.37299999999999,2.7,7.1,0.554,2.9,18.3,0.16200000000000003,14.3,2.4,89.6
86,79,2020-02-28,6,2,2019-2020,Rio Claro,Fortaleza B. C. / CFO,86.3,26.4,42.20100000000001,17.699,34.6,8.801,25.799,18.8,13.5,1.489,8.801,23.801,36.93299999999999,21.099,37.599,56.43500000000002,17.699,23.101,76.659,2.099,4.699,0.36500000000000005,1.001,23.5,0.047,13.5,2.8,95.001,75.9,24.0,40.8,11.1,32.400999999999996,8.8,23.601,14.0,13.2,1.07,8.0,23.699,33.422,20.4,38.399,52.95,11.1,15.501,72.237,1.7,7.199,0.54,2.3,21.599,0.10500000000000001,13.2,1.6990000000000003,80.401
88,93,2020-02-28,6,2,2019-2020,Paulistano,Bauru Basket,77.9,31.8,35.599,10.501000000000001,39.901,12.701,27.2,17.7,11.7,1.6820000000000004,10.6,35.70100000000001,29.833999999999996,17.801,33.599,53.011,10.501000000000001,15.8,66.551,2.7010000000000005,5.1,0.425,1.6,19.8,0.08100000000000002,11.7,2.3,84.2,80.7,24.6,42.2,13.9,38.5,10.4,28.1,15.7,13.6,1.3930000000000002,8.2,22.3,35.98199999999999,21.1,41.0,51.487,13.9,19.8,67.947,1.3,7.5,0.561,0.7,21.1,0.035,13.6,2.1,89.6
89,80,2020-02-29,6,2,2019-2020,São Paulo,Corinthians,89.1,32.1,39.6,17.4,41.8,12.6,29.2,17.6,12.5,1.44,10.7,31.0,34.751999999999995,19.8,34.4,58.00500000000001,17.4,22.8,76.648,2.5,5.5,0.43800000000000006,2.7,19.0,0.139,12.5,2.1,103.9,80.55,26.25,38.8,15.5,35.75,10.5,25.25,16.5,11.1,1.531,8.75,25.5,34.31399999999999,19.4,39.05,49.95100000000001,15.5,20.3,76.02799999999999,1.55,7.9,0.737,1.5,22.95,0.068,11.1,0.95,89.85
88,86,2020-02-29,6,2,2019-2020,Botafogo,Pinheiros,82.1,33.6,31.601,16.899,33.398999999999994,8.5,24.899,18.199,13.4,1.424,11.2,28.899,38.433,15.799000000000001,31.099,52.153999999999996,16.899,22.000999999999998,77.19799999999998,1.8009999999999997,6.398999999999999,0.481,2.3009999999999997,23.101,0.10700000000000001,13.4,2.401,90.9,81.7,27.15,41.6,12.95,34.35,9.75,24.6,16.65,14.6,1.277,9.05,23.1,39.27799999999999,20.8,38.55,53.907999999999994,12.95,19.6,67.357,1.45,7.4,0.5399999999999999,1.3,20.3,0.06500000000000002,14.6,1.65,88.2
90,80,2020-03-02,7,2,2019-2020,Rio Claro,UNIFACISA,85.45,25.35,42.101,17.999000000000002,36.05,9.751000000000001,26.299,18.75,13.6,1.459,8.451,23.851,35.372,21.049,38.499,55.05300000000001,17.999000000000002,23.301,77.24600000000001,2.1990000000000003,4.7490000000000006,0.36400000000000005,0.901,23.45,0.043,13.6,2.95,94.151,79.0,28.2,37.2,13.6,36.0,9.1,26.9,18.1,14.5,1.33,9.4,26.4,35.737,18.6,35.5,52.702999999999996,13.6,17.7,76.57,2.6,6.7,0.5130000000000001,2.8,19.2,0.14599999999999996,14.5,2.5,90.1
81,87,2020-03-02,7,2,2019-2020,Coop/São José Basketball,Botafogo,89.9,27.6,46.4,15.9,33.0,10.95,22.05,20.45,13.3,1.775,9.2,25.25,36.742999999999995,23.2,42.7,54.408,15.9,21.3,74.793,0.95,7.45,0.6500000000000001,1.3,23.0,0.056999999999999995,13.3,1.7,97.75,79.7,31.35,32.400999999999996,15.949000000000002,33.699,9.05,24.649,16.799,13.8,1.2600000000000002,10.45,27.849,37.344,16.199,32.749,49.858999999999995,15.949000000000002,20.701,77.948,1.551,6.499,0.4760000000000001,2.5509999999999997,22.351,0.122,13.8,2.501,86.75
93,82,2020-03-03,7,2,2019-2020,Flamengo,Pinheiros,86.44900000000001,32.25,36.7,17.499000000000002,38.551,10.949,27.598999999999997,20.6,11.951,1.7260000000000002,10.75,29.9,36.144,18.35,34.351000000000006,53.34100000000001,17.499000000000002,23.848999999999997,73.91,1.451,7.7010000000000005,0.674,2.6,19.149,0.13299999999999998,11.951,1.6990000000000003,102.44900000000003,82.4,27.9,42.6,11.9,33.5,9.5,24.0,17.3,15.0,1.2919999999999998,9.3,22.4,41.797999999999995,21.3,39.0,54.68299999999999,11.9,18.4,66.135,1.5,6.9,0.488,1.3,20.7,0.06400000000000002,15.0,1.6,89.0
97,71,2020-03-03,7,2,2019-2020,Sesi Franca,Brasília,87.349,33.15,38.2,15.999,33.95100000000001,7.1,26.851,19.649,11.85,1.6979999999999997,11.049,27.601,39.925,19.1,33.0,58.236000000000004,15.999,18.75,85.61999999999999,1.549,6.401000000000001,0.5509999999999999,2.4,19.051,0.13100000000000003,11.85,1.7009999999999998,104.65,77.0,22.95,36.3,17.75,36.55,10.45,26.1,15.6,16.0,1.054,7.65,23.6,32.384,18.15,36.1,50.123000000000005,17.75,24.25,73.541,0.75,5.8,0.386,1.85,18.4,0.10400000000000001,16.0,2.25,80.2
83,94,2020-03-03,7,2,2019-2020,Mogi,Paulistano,83.90099999999998,31.95,36.70100000000001,15.25,35.35,9.049,26.301000000000005,17.05,15.85,1.1309999999999998,10.65,27.298999999999996,39.249,18.349,35.101000000000006,52.085000000000015,15.25,19.800999999999995,77.247,1.049,7.0489999999999995,0.454,2.25,19.6,0.12200000000000003,15.85,1.751,91.80099999999999,78.65,31.2,35.699,11.751000000000001,39.95100000000001,12.601,27.35,17.6,12.85,1.5440000000000003,10.4,34.95100000000001,30.069000000000006,17.851,33.199,53.870000000000005,11.751000000000001,17.2,67.478,2.8510000000000004,5.2,0.40099999999999997,1.65,20.3,0.08,12.85,2.55,84.85
77,57,2020-03-04,7,2,2019-2020,Rio Claro,Pato Basquete,84.6,24.3,42.001,18.299,37.5,10.701,26.799,18.7,13.7,1.4289999999999998,8.101,23.901,33.81099999999999,20.999000000000002,39.399,53.67100000000001,18.299,23.500999999999998,77.833,2.2990000000000004,4.799,0.363,0.8009999999999999,23.4,0.03899999999999999,13.7,3.1,93.301,75.8,19.95,41.7,14.15,36.15,10.75,25.4,19.4,12.85,1.556,6.65,21.55,30.954,20.85,43.55,47.61300000000001,14.15,19.0,73.61699999999999,1.25,6.85,0.5509999999999999,2.05,21.7,0.094,12.85,2.4,84.95
79,83,2020-03-05,7,2,2019-2020,Bauru Basket,Brasília,81.85,22.95,43.6,15.3,37.7,10.45,27.25,15.4,13.8,1.338,7.65,22.1,34.328,21.8,41.45,52.907,15.3,21.5,70.338,1.4,7.85,0.5820000000000001,0.95,22.0,0.045000000000000005,13.8,1.95,89.65,76.5,23.4,35.0,18.1,36.3,10.4,25.9,15.6,16.7,1.02,7.8,23.8,32.766999999999996,17.5,34.8,50.344,18.1,24.7,73.8,0.6,5.7,0.371,1.8,17.6,0.10500000000000001,16.7,2.7,79.1
97,102,2020-03-05,7,2,2019-2020,Coop/São José Basketball,Flamengo,91.0,27.0,48.4,15.6,32.8,10.9,21.9,20.9,13.2,1.8229999999999997,9.0,25.0,36.303999999999995,24.2,42.8,56.41099999999999,15.6,21.0,74.293,0.9,7.1,0.628,1.3,22.9,0.057999999999999996,13.2,1.8,99.8,85.899,32.7,35.2,17.999000000000002,37.501000000000005,10.299,27.198999999999995,20.5,11.901,1.7260000000000002,10.9,30.1,36.382000000000005,17.6,33.20100000000001,53.126999999999995,17.999000000000002,23.999000000000002,75.21000000000001,1.301,7.7010000000000005,0.6759999999999999,2.4,19.199,0.11900000000000002,11.901,1.999,101.299
91,82,2020-03-05,7,2,2019-2020,Sesi Franca,Minas,88.199,33.3,39.2,15.699000000000002,34.101,7.2,26.901,20.299,11.9,1.751,11.099,27.801,39.829,19.6,33.6,58.708000000000006,15.699000000000002,18.1,86.75399999999999,1.599,6.901000000000001,0.5940000000000001,2.3,18.701,0.12800000000000003,11.9,1.8009999999999997,106.8,91.1,26.7,47.1,17.3,38.45,10.05,28.4,18.9,13.15,1.5670000000000002,8.9,24.5,36.214000000000006,23.55,41.2,56.85600000000001,17.3,22.95,73.88099999999999,2.65,8.35,0.65,2.1,23.25,0.095,13.15,2.55,106.85
89,61,2020-03-05,7,2,2019-2020,Mogi,Botafogo,84.601,32.4,37.001000000000005,15.2,35.3,9.599,25.701000000000004,17.1,14.9,1.202,10.8,28.498999999999995,38.03,18.499000000000002,35.101000000000006,52.513,15.2,19.701,77.405,1.299,6.999,0.489,2.4,19.5,0.13000000000000003,14.9,1.6009999999999998,92.701,80.1,31.05,33.400999999999996,15.649000000000001,33.299,8.9,24.399,16.399,14.25,1.179,10.35,27.299,37.685,16.699,32.799,51.175,15.649000000000001,20.201,78.75699999999999,1.501,6.449000000000001,0.45400000000000007,2.5509999999999997,22.051,0.124,14.25,2.5509999999999997,86.95
99,95,2020-03-06,7,2,2019-2020,Fortaleza B. C. / CFO,Paulistano,80.1,26.7,42.0,11.4,32.400999999999996,8.6,23.801,14.2,12.7,1.133,8.9,24.599,35.849999999999994,21.0,38.599000000000004,54.11899999999999,11.4,16.000999999999998,71.981,1.5,7.599000000000001,0.6,2.1,21.999000000000002,0.094,12.7,1.599,85.701,78.9,28.8,36.998999999999995,13.100999999999999,39.501000000000005,12.601,26.9,17.4,14.2,1.314,9.6,31.901000000000003,30.651000000000003,18.500999999999998,33.898999999999994,54.486000000000004,13.100999999999999,18.6,69.314,2.8009999999999997,5.5,0.39399999999999996,1.9,20.7,0.09,14.2,2.6,85.8
