placar_casa,placar_visitante,data,round,stage,ano,equipe_casa,equipe_visitante,Pts_casa,3P_casa,2P_casa,LL_casa,RT_casa,RO_casa,RD_casa,AS_casa,ER_casa,IA%_casa,3PC_casa,3PT_casa,3P%_casa,2PC_casa,2PT_casa,2P%_casa,LLC_casa,LLT_casa,LL%_casa,EN_casa,BR_casa,B/E_casa,TO_casa,FC_casa,T/FC_casa,ET_casa,VI_casa,EF_casa,Pts_visitante,3P_visitante,2P_visitante,LL_visitante,RT_visitante,RO_visitante,RD_visitante,AS_visitante,ER_visitante,IA%_visitante,3PC_visitante,3PT_visitante,3P%_visitante,2PC_visitante,2PT_visitante,2P%_visitante,LLC_visitante,LLT_visitante,LL%_visitante,EN_visitante,BR_visitante,B/E_visitante,TO_visitante,FC_visitante,T/FC_visitante,ET_visitante,VI_visitante,EF_visitante
101,97,2015-12-08,9,1,2015-2016,Macaé Basquete,Pinheiros,76.1,22.8,32.4,20.9,29.5,9.4,20.1,11.4,13.6,0.9489999999999998,7.6,24.3,31.711000000000002,16.2,34.2,48.154999999999994,20.9,24.6,84.24,0.8,9.7,0.7550000000000001,1.3,24.0,0.05800000000000001,13.6,3.2,76.0,81.2,16.5,47.2,17.5,39.6,12.0,27.6,12.4,13.6,0.966,5.5,17.5,32.218,23.6,47.4,49.974000000000004,17.5,22.9,75.71900000000001,1.4,8.6,0.6689999999999999,5.1,20.6,0.253,13.6,3.0,92.1
91,79,2015-12-09,9,1,2015-2016,Sesi Franca,Coop/São José Basketball,78.5,24.6,37.8,16.1,33.9,9.0,24.9,16.0,15.2,1.174,8.2,23.0,34.513,18.9,35.8,53.76400000000001,16.1,23.4,69.454,2.6,8.4,0.6050000000000001,3.0,22.7,0.13499999999999998,15.2,2.6,85.6,76.8,23.4,39.0,14.4,34.4,9.2,25.2,14.0,14.8,1.0070000000000001,7.8,23.0,33.225,19.5,37.3,52.25599999999999,14.4,19.4,73.29700000000001,0.7,6.5,0.454,1.9,22.0,0.09100000000000001,14.8,3.2,80.8
90,74,2015-12-09,9,1,2015-2016,Bauru Basket,Mogi,80.9,27.3,36.6,17.0,36.0,8.8,27.2,16.9,11.1,1.5970000000000002,9.1,27.3,33.367,18.3,32.8,56.583000000000006,17.0,22.3,74.79299999999999,1.4,8.6,0.8130000000000001,0.8,18.1,0.039,11.1,1.8,94.1,78.2,22.8,41.6,13.8,38.4,12.7,25.7,16.7,14.3,1.2929999999999997,7.6,24.0,31.365999999999996,20.8,42.0,50.615,13.8,19.4,71.54599999999999,2.0,10.3,0.772,2.9,21.3,0.14100000000000004,14.3,3.6,88.9
68,77,2015-12-09,9,1,2015-2016,Rio Claro,Fortaleza B. C. / CFO,75.2,24.6,37.4,13.2,32.0,8.7,23.3,17.5,16.0,1.1510000000000002,8.2,23.4,35.178000000000004,18.7,34.3,54.75599999999999,13.2,19.7,65.848,2.6,10.7,0.6759999999999999,2.3,21.4,0.10800000000000001,16.0,4.4,84.4,80.1,27.9,37.4,14.8,36.2,11.6,24.6,12.0,14.4,0.9580000000000002,9.3,26.1,35.739999999999995,18.7,37.7,49.968999999999994,14.8,20.1,73.096,1.7,8.7,0.6619999999999999,2.0,21.1,0.092,14.4,2.6,83.5
58,61,2015-12-10,10,1,2015-2016,L. Sorocabana,Minas,72.5,17.4,42.6,12.5,36.0,15.6,20.4,12.1,13.5,1.1439999999999997,5.8,19.4,29.602999999999998,21.3,47.1,45.24499999999999,12.5,16.6,74.316,0.9,12.9,1.236,1.7,20.9,0.093,13.5,3.6,78.2,69.1,19.5,37.2,12.4,34.2,9.4,24.8,15.0,14.1,1.183,6.5,21.4,29.699,18.6,36.9,50.636,12.4,17.6,69.092,1.6,8.8,0.684,2.5,20.1,0.12199999999999997,14.1,3.5,77.1
79,83,2015-12-10,10,1,2015-2016,Flamengo,Pinheiros,83.0,25.2,42.6,15.2,35.7,7.9,27.8,18.8,13.2,1.511,8.4,22.7,37.205,21.3,37.7,55.864999999999995,15.2,19.4,79.343,1.3,10.4,0.8210000000000001,2.1,19.0,0.11500000000000003,13.2,1.3,101.9,81.4,16.5,48.0,16.9,40.8,11.5,29.3,12.1,14.4,0.869,5.5,16.6,33.791,24.0,48.3,49.848,16.9,22.2,75.393,1.3,8.8,0.6359999999999999,5.4,20.3,0.273,14.4,3.0,93.4
71,62,2015-12-10,10,1,2015-2016,Macaé Basquete,Caxias do Sul Basquete,75.9,22.5,32.6,20.8,29.8,8.8,21.0,10.5,13.8,0.8560000000000001,7.5,23.0,32.612,16.3,33.9,49.068999999999996,20.8,25.0,82.453,0.7,9.8,0.753,1.3,23.6,0.059,13.8,3.4,76.2,65.2,18.6,31.4,15.2,32.4,9.3,23.1,12.6,15.3,0.9240000000000002,6.2,23.0,28.101999999999997,15.7,36.1,43.749,15.2,21.5,70.143,0.9,12.6,0.9199999999999999,1.2,22.6,0.048,15.3,3.2,65.2
104,74,2015-12-11,10,1,2015-2016,Bauru Basket,Coop/São José Basketball,84.4,30.9,36.6,16.9,36.0,8.3,27.7,18.1,11.5,1.641,10.3,27.7,37.425,18.3,31.3,59.32899999999999,16.9,21.9,75.667,1.9,8.4,0.7769999999999999,0.9,19.1,0.043,11.5,1.8,100.9,77.4,23.7,38.2,15.5,33.1,8.6,24.5,13.8,14.1,1.0630000000000002,7.9,22.6,34.475,19.1,37.2,51.378,15.5,20.9,74.131,0.6,6.5,0.502,1.7,22.9,0.078,14.1,3.3,80.2
86,63,2015-12-11,10,1,2015-2016,Rio Claro,Vitória,74.4,24.9,37.0,12.5,31.8,8.0,23.8,18.3,16.4,1.1680000000000001,8.3,23.0,36.345,18.5,33.2,55.761,12.5,18.6,66.815,2.8,10.8,0.663,2.6,21.2,0.123,16.4,4.4,86.0,70.44444444444444,18.0,37.77777777777778,14.666666666666666,33.55555555555556,11.222222222222221,22.333333333333332,10.222222222222221,13.444444444444445,0.8277777777777778,6.0,19.444444444444443,30.941111111111113,18.88888888888889,40.0,47.657777777777774,14.666666666666666,19.88888888888889,73.50444444444445,1.2222222222222223,9.777777777777779,0.7811111111111111,1.6666666666666667,17.444444444444443,0.09999999999999999,13.444444444444445,4.666666666666667,72.44444444444444
88,90,2015-12-12,10,1,2015-2016,Sesi Franca,Mogi,79.5,24.6,38.4,16.5,33.8,8.8,25.0,16.1,15.4,1.1599999999999997,8.2,23.5,33.78,19.2,36.1,54.13900000000001,16.5,23.4,71.954,2.6,7.8,0.5490000000000002,3.3,22.5,0.151,15.4,2.3,86.0,78.7,22.5,41.6,14.6,38.8,12.5,26.3,16.4,14.0,1.2970000000000002,7.5,24.8,30.184000000000005,20.8,41.2,51.611000000000004,14.6,20.3,72.03500000000001,1.9,10.6,0.817,2.9,20.7,0.14500000000000002,14.0,3.4,89.9
74,81,2015-12-15,11,1,2015-2016,Minas,Flamengo,70.2,20.1,38.8,11.3,34.8,9.4,25.4,15.6,14.9,1.153,6.7,21.5,30.605000000000008,19.4,36.6,52.98,11.3,16.6,66.018,1.4,8.4,0.631,2.7,20.4,0.129,14.9,3.6,79.5,83.4,26.4,42.6,14.4,34.0,7.6,26.4,19.7,13.3,1.592,8.8,22.6,38.857,21.3,38.2,55.224000000000004,14.4,18.4,78.777,1.1,11.0,0.8770000000000001,2.0,18.6,0.11100000000000002,13.3,1.5,102.1
78,106,2015-12-15,11,1,2015-2016,Sesi Franca,Fortaleza B. C. / CFO,80.1,24.0,38.6,17.5,33.5,9.2,24.3,15.5,16.5,1.051,8.0,22.4,34.221000000000004,19.3,36.4,53.92800000000001,17.5,25.0,70.809,3.0,8.0,0.526,3.3,22.3,0.152,16.5,2.5,84.9,82.5,28.5,38.6,15.4,36.6,11.5,25.1,12.0,14.2,0.982,9.5,25.6,37.491,19.3,38.6,50.160999999999994,15.4,20.6,74.66400000000002,1.9,9.6,0.755,2.3,21.5,0.10200000000000001,14.2,2.4,88.2
107,104,2015-12-15,11,1,2015-2016,Brasília,Macaé Basquete,90.6,29.7,44.2,16.7,36.3,11.9,24.4,19.7,14.2,1.531,9.9,23.8,42.688,22.1,41.2,54.09599999999999,16.7,20.7,80.864,2.4,7.6,0.619,2.7,23.9,0.11300000000000002,14.2,2.7,105.7,78.9,22.8,34.6,21.5,31.8,9.2,22.6,10.4,13.2,0.8889999999999999,7.6,22.9,33.217999999999996,17.3,36.5,47.76700000000001,21.5,26.2,81.63199999999999,0.6,9.9,0.782,1.1,22.5,0.054000000000000006,13.2,3.5,79.7
93,84,2015-12-15,11,1,2015-2016,Mogi,L. Sorocabana,78.9,21.9,42.6,14.4,37.4,11.9,25.5,16.6,14.7,1.246,7.3,24.0,30.463000000000005,21.3,40.3,53.975,14.4,19.9,72.39199999999998,1.9,10.6,0.7889999999999999,2.7,19.5,0.13999999999999999,14.7,3.3,90.2,71.8,15.6,43.4,12.8,36.5,15.6,20.9,11.5,14.4,0.8380000000000001,5.2,19.3,26.502999999999997,21.7,46.6,46.394,12.8,17.0,74.16499999999999,0.6,12.3,0.8780000000000001,1.6,21.2,0.08499999999999999,14.4,3.6,76.1
83,77,2015-12-15,11,1,2015-2016,Coop/São José Basketball,Paulistano,77.6,25.5,35.8,16.3,32.3,8.4,23.9,13.4,14.8,0.9630000000000001,8.5,22.9,36.361000000000004,17.9,36.0,49.887,16.3,21.3,76.45400000000001,0.8,6.8,0.501,1.7,23.3,0.074,14.8,3.7,79.5,81.8,30.0,40.0,11.8,37.8,11.9,25.9,15.3,13.4,1.285,10.0,25.8,38.559000000000005,20.0,38.9,51.97099999999999,11.8,16.1,73.025,1.6,10.2,0.849,1.3,19.9,0.074,13.4,3.9,94.0
94,68,2015-12-15,11,1,2015-2016,Bauru Basket,Vitória,87.1,32.1,37.6,17.4,36.0,8.1,27.9,18.9,12.1,1.641,10.7,27.9,38.516,18.8,30.8,61.403000000000006,17.4,22.3,76.727,2.0,8.6,0.7589999999999999,0.5,19.2,0.024,12.1,1.8,104.9,70.2,17.4,38.2,14.6,34.1,11.6,22.5,10.3,13.5,0.8240000000000001,5.8,20.0,29.447000000000003,19.1,40.3,47.775999999999996,14.6,20.0,72.821,1.2,9.9,0.782,1.5,17.7,0.09,13.5,4.4,71.7
67,65,2015-12-15,11,1,2015-2016,Caxias do Sul Basquete,Rio Claro,63.7,19.5,29.4,14.8,33.8,8.9,24.9,12.4,16.0,0.7879999999999999,6.5,22.2,30.315999999999995,14.7,35.5,41.884,14.8,21.8,67.81400000000001,1.3,12.7,0.827,1.3,22.8,0.053000000000000005,16.0,3.1,64.4,72.7,25.8,35.6,11.3,32.0,8.5,23.5,17.8,17.0,1.0859999999999999,8.6,23.5,36.698,17.8,33.1,53.684000000000005,11.3,17.8,63.462,2.8,10.6,0.631,2.5,22.0,0.11600000000000002,17.0,4.3,81.9
84,75,2015-12-17,12,1,2015-2016,Paulistano,Mogi,83.7,31.2,40.4,12.1,37.0,11.4,25.6,16.6,13.9,1.347,10.4,26.1,39.886,20.2,37.8,53.909000000000006,12.1,16.5,73.19999999999999,1.8,10.5,0.845,1.5,19.8,0.08299999999999999,13.9,3.8,97.7,79.9,22.8,42.2,14.9,36.8,11.4,25.4,16.1,15.0,1.203,7.6,23.7,32.289,21.1,40.2,53.511,14.9,20.5,72.624,1.7,10.6,0.7789999999999999,2.3,19.5,0.123,15.0,3.3,89.8
90,96,2015-12-17,12,1,2015-2016,Pinheiros,Rio Claro,82.9,16.2,48.4,18.3,40.2,11.9,28.3,12.2,14.7,0.8550000000000001,5.4,16.6,33.235,24.2,47.8,50.759,18.3,24.3,75.393,1.3,9.1,0.6459999999999999,5.5,20.4,0.27699999999999997,14.7,3.1,94.4,75.6,26.1,37.8,11.7,32.2,9.4,22.8,17.5,17.1,1.049,8.7,23.8,36.631,18.9,34.8,53.970000000000006,11.7,18.0,65.188,2.6,10.9,0.648,2.6,23.0,0.11300000000000003,17.1,4.3,84.4
90,81,2015-12-17,12,1,2015-2016,Minas,Macaé Basquete,71.7,19.8,39.4,12.5,34.2,9.8,24.4,16.4,14.3,1.2769999999999997,6.6,20.8,31.795000000000005,19.7,37.9,52.19200000000001,12.5,17.8,67.129,1.6,8.3,0.648,2.5,20.8,0.11699999999999999,14.3,3.3,81.1,79.7,22.2,35.6,21.9,31.1,8.2,22.9,11.0,13.4,0.9179999999999999,7.4,22.6,32.799,17.8,35.8,50.025000000000006,21.9,26.6,81.954,0.7,9.8,0.753,1.1,22.7,0.05399999999999999,13.4,3.5,81.4
82,66,2015-12-17,12,1,2015-2016,Bauru Basket,Fortaleza B. C. / CFO,87.6,31.2,38.4,18.0,38.0,8.5,29.5,19.0,11.5,1.783,10.4,27.8,37.623,19.2,32.0,60.689,18.0,22.8,77.627,1.9,8.0,0.7499999999999999,0.5,18.9,0.025,11.5,1.7,106.6,80.8,27.6,39.0,14.2,35.6,10.7,24.9,11.9,12.8,1.124,9.2,26.9,34.923,19.5,37.9,51.65599999999999,14.2,19.7,71.727,2.0,9.5,0.8230000000000001,1.7,21.1,0.079,12.8,2.0,85.1
88,81,2015-12-17,12,1,2015-2016,Coop/São José Basketball,L. Sorocabana,80.0,27.9,34.4,17.7,32.6,8.4,24.2,14.6,14.4,1.114,9.3,23.8,39.28000000000001,17.2,35.5,48.81999999999999,17.7,22.5,78.954,0.8,6.6,0.49800000000000005,1.8,23.9,0.07699999999999999,14.4,3.8,83.6,71.3,14.4,44.6,12.3,36.6,15.5,21.1,11.4,14.4,0.8290000000000001,4.8,19.6,23.706999999999997,22.3,47.2,46.995999999999995,12.3,16.5,73.62199999999999,0.7,12.2,0.8690000000000001,1.5,22.0,0.074,14.4,4.1,74.7
76,78,2015-12-17,12,1,2015-2016,Sesi Franca,Vitória,80.0,22.8,39.2,18.0,32.5,9.1,23.4,15.3,16.4,1.044,7.6,22.4,32.221000000000004,19.6,36.5,54.604000000000006,18.0,25.5,71.21000000000001,2.6,8.5,0.562,3.0,22.1,0.14,16.4,2.5,83.7,72.0,18.9,38.0,15.1,34.0,12.0,22.0,10.6,13.5,0.843,6.3,20.2,31.538,19.0,39.7,48.327000000000005,15.1,21.1,71.806,1.3,9.8,0.775,1.9,18.3,0.10799999999999998,13.5,3.9,74.2
85,94,2015-12-17,12,1,2015-2016,Brasília,Flamengo,89.8,28.5,45.8,15.5,36.5,12.4,24.1,19.7,14.8,1.504,9.5,24.3,39.815999999999995,22.9,42.4,54.379999999999995,15.5,19.3,81.633,2.3,7.9,0.615,2.7,23.7,0.11400000000000002,14.8,2.8,103.7,85.5,26.4,44.0,15.1,34.3,8.3,26.0,19.8,13.4,1.589,8.8,22.5,39.019999999999996,22.0,39.6,55.068000000000005,15.1,18.9,79.85400000000001,1.1,11.6,0.913,2.1,18.7,0.11499999999999999,13.4,1.5,104.8
80,77,2015-12-19,13,1,2015-2016,Paulistano,Bauru Basket,84.3,30.9,41.4,12.0,37.2,11.4,25.8,16.7,13.6,1.404,10.3,26.1,39.528999999999996,20.7,38.9,53.86800000000001,12.0,16.2,74.03299999999999,1.8,10.6,0.8809999999999999,1.6,20.3,0.087,13.6,3.9,98.6,86.5,30.6,37.6,18.3,38.7,9.2,29.5,18.7,11.6,1.738,10.2,28.1,36.49499999999999,18.8,32.9,57.894000000000005,18.3,22.9,79.19800000000001,2.0,8.1,0.7549999999999999,0.5,18.6,0.027000000000000003,11.6,1.8,104.3
67,77,2015-12-20,13,1,2015-2016,Rio Claro,Minas,74.3,26.4,36.6,11.3,32.4,9.3,23.1,16.7,16.8,1.014,8.8,23.9,36.956,18.3,34.9,52.080000000000005,11.3,17.1,66.46600000000001,2.5,10.9,0.665,2.8,22.9,0.123,16.8,4.2,82.8,71.9,18.9,40.2,12.8,34.8,9.7,25.1,16.2,14.8,1.2209999999999996,6.3,19.4,33.077,20.1,38.7,52.19200000000001,12.8,18.0,67.84200000000001,1.6,8.3,0.6159999999999999,2.3,20.1,0.11000000000000001,14.8,3.2,81.8
74,65,2015-12-20,13,1,2015-2016,Vitória,Caxias do Sul Basquete,73.0,20.4,37.6,15.0,33.9,11.5,22.4,11.4,13.7,0.889,6.8,20.5,33.874,18.8,38.7,49.041000000000004,15.0,20.9,72.07099999999998,1.2,9.7,0.7610000000000001,1.9,18.2,0.10899999999999999,13.7,3.7,76.7,65.4,20.7,30.2,14.5,33.2,8.4,24.8,12.1,15.9,0.7699999999999999,6.9,22.3,31.712000000000007,15.1,35.1,43.848,14.5,20.9,67.81400000000001,1.3,12.5,0.818,1.3,23.1,0.053000000000000005,15.9,3.2,66.8
94,77,2015-12-20,13,1,2015-2016,Flamengo,Coop/São José Basketball,86.0,27.6,44.6,13.8,34.4,8.5,25.9,19.6,13.2,1.6,9.2,23.2,39.495999999999995,22.3,39.8,55.515,13.8,17.6,77.593,1.1,11.3,0.901,2.1,17.4,0.12199999999999997,13.2,1.6,104.9,80.9,27.9,35.6,17.4,31.8,8.5,23.3,15.3,14.2,1.1800000000000002,9.3,23.4,40.04200000000001,17.8,36.4,49.312,17.4,22.5,76.646,0.9,6.8,0.519,1.8,24.1,0.07699999999999999,14.2,3.8,84.6
0,20,2015-12-20,13,1,2015-2016,L. Sorocabana,Sesi Franca,66.2,12.0,42.2,12.0,33.7,14.2,19.5,10.3,13.4,0.7860000000000001,4.0,17.5,20.374,21.1,43.8,47.763,12.0,15.9,74.69299999999998,0.9,11.5,0.873,1.5,20.3,0.11099999999999999,13.4,3.9,69.7,75.7,21.9,37.2,16.6,30.3,8.3,22.0,14.6,15.2,1.0559999999999998,7.3,21.0,32.116,18.6,33.9,57.604,16.6,23.3,72.172,2.3,7.8,0.5559999999999999,2.9,20.2,0.146,15.2,2.3,80.4
70,82,2015-12-20,13,1,2015-2016,Macaé Basquete,Mogi,80.3,21.9,36.6,21.8,32.3,8.1,24.2,11.7,14.7,0.8879999999999999,7.3,21.3,34.107,18.3,36.4,50.685,21.8,26.1,83.621,0.8,9.9,0.684,1.2,22.8,0.057999999999999996,14.7,3.5,84.3,80.5,23.7,41.6,15.2,35.5,10.9,24.6,16.1,15.0,1.203,7.9,24.1,32.93,20.8,38.8,54.315999999999995,15.2,20.7,73.23299999999999,1.9,10.8,0.795,2.2,19.9,0.11700000000000002,15.0,2.9,90.3
68,63,2015-12-20,13,1,2015-2016,Fortaleza B. C. / CFO,Pinheiros,79.6,26.4,39.2,14.0,34.8,10.1,24.7,11.4,13.1,1.04,8.8,26.5,34.104,19.6,36.7,53.51399999999999,14.0,19.9,70.073,2.1,9.9,0.8389999999999999,1.6,21.3,0.07300000000000001,13.1,2.4,83.5,82.4,15.9,48.0,18.5,41.4,12.0,29.4,12.3,14.7,0.8630000000000001,5.3,16.0,33.378,24.0,47.6,50.507,18.5,24.0,77.594,1.5,8.5,0.5999999999999999,5.1,20.3,0.25999999999999995,14.7,2.9,95.2
79,84,2015-12-22,14,1,2015-2016,Paulistano,Sesi Franca,81.4,30.3,39.2,11.9,37.4,11.7,25.7,16.2,13.3,1.394,10.1,26.3,38.594,19.6,38.9,51.249,11.9,16.1,73.91499999999999,1.6,10.5,0.891,1.7,19.6,0.095,13.3,3.3,94.2,75.6,20.7,38.0,16.9,30.3,8.6,21.7,14.2,15.1,1.04,6.9,20.2,32.038,19.0,35.0,56.726,16.9,23.5,73.144,2.0,8.1,0.574,2.8,19.5,0.146,15.1,2.6,80.0
79,63,2015-12-22,14,1,2015-2016,Macaé Basquete,Coop/São José Basketball,79.8,21.3,37.6,20.9,33.4,8.6,24.8,12.3,14.6,0.9309999999999998,7.1,21.5,32.933,18.8,37.5,50.439,20.9,25.2,83.17099999999999,0.7,9.8,0.683,1.3,21.7,0.06399999999999999,14.6,3.6,84.6,78.1,27.3,33.6,17.2,31.3,8.4,22.9,14.7,15.3,1.068,9.1,23.6,38.975,16.8,35.0,48.516999999999996,17.2,22.3,76.229,0.9,7.2,0.496,1.6,23.9,0.068,15.3,4.0,79.8
84,80,2015-12-22,14,1,2015-2016,L. Sorocabana,Bauru Basket,67.5,13.5,42.2,11.8,33.6,13.7,19.9,10.4,13.6,0.774,4.5,17.5,23.005999999999993,21.1,43.5,48.025000000000006,11.8,15.6,74.825,0.9,11.5,0.849,1.8,19.7,0.12799999999999997,13.6,3.9,72.0,86.2,31.2,37.4,17.6,38.1,9.4,28.7,18.4,11.9,1.7109999999999999,10.4,28.5,36.632000000000005,18.7,33.5,56.734,17.6,22.0,79.577,1.6,8.5,0.7709999999999999,0.8,18.5,0.043000000000000003,11.9,1.6,102.8
79,77,2015-12-22,14,1,2015-2016,Flamengo,Mogi,83.7,28.8,41.2,13.7,35.5,9.4,26.1,19.5,13.7,1.5070000000000001,9.6,24.4,39.056,20.6,38.2,53.727999999999994,13.7,17.8,76.20400000000001,1.0,10.0,0.758,2.3,17.7,0.133,13.7,1.4,100.8,79.9,23.1,41.0,15.8,35.3,10.8,24.5,15.6,14.2,1.339,7.7,24.8,31.249000000000002,20.5,38.7,53.694,15.8,21.4,73.58,1.5,11.3,0.974,1.9,19.4,0.10300000000000001,14.2,2.7,88.9
84,69,2015-12-22,14,1,2015-2016,Rio Claro,Brasília,75.7,25.8,37.6,12.3,33.4,9.7,23.7,17.6,15.9,1.157,8.6,23.6,36.647000000000006,18.8,35.7,52.318000000000005,12.3,18.4,66.61300000000001,2.2,11.3,0.734,3.1,23.5,0.135,15.9,4.1,87.2,88.4,26.7,45.4,16.3,37.5,12.6,24.9,19.1,14.8,1.464,8.9,23.9,37.220000000000006,22.7,42.8,53.44799999999999,16.3,20.4,81.088,2.2,8.1,0.6279999999999999,2.6,23.0,0.11200000000000002,14.8,2.7,101.7
66,50,2015-12-22,14,1,2015-2016,Fortaleza B. C. / CFO,Caxias do Sul Basquete,76.1,26.4,36.6,13.1,35.4,9.7,25.7,11.4,13.7,1.018,8.8,26.7,33.816,18.3,35.6,51.327,13.1,18.9,69.585,2.1,10.6,0.8640000000000001,1.9,21.4,0.085,13.7,2.6,80.7,65.2,19.2,30.6,15.4,33.7,8.2,25.5,11.7,16.2,0.7409999999999999,6.4,22.0,29.839000000000006,15.3,35.0,44.486000000000004,15.4,21.5,69.897,1.3,12.2,0.789,1.4,23.6,0.055999999999999994,16.2,3.3,66.6
78,98,2015-12-22,14,1,2015-2016,Vitória,Pinheiros,73.9,20.4,39.2,14.3,32.5,11.0,21.5,12.6,13.4,0.9650000000000001,6.8,20.7,33.278,19.6,39.9,49.39900000000001,14.3,20.0,71.515,1.2,10.1,0.791,1.8,18.2,0.10400000000000001,13.4,3.8,77.5,82.7,17.7,46.4,18.6,40.4,11.5,28.9,13.6,15.4,0.891,5.9,16.6,36.051,23.2,45.3,51.59400000000001,18.6,24.2,77.35099999999998,1.6,8.9,0.5740000000000001,4.6,20.6,0.23399999999999999,15.4,2.8,96.4
74,89,2016-01-08,15,1,2015-2016,Pinheiros,Caxias do Sul Basquete,81.8,17.4,45.6,18.8,39.5,11.8,27.7,13.6,15.9,0.859,5.8,16.8,35.224000000000004,22.8,44.2,51.999,18.8,24.9,75.923,1.6,9.7,0.612,3.8,20.6,0.198,15.9,2.9,94.0,66.5,21.6,29.4,15.5,33.4,8.3,25.1,12.1,16.0,0.773,7.2,22.7,32.220000000000006,14.7,34.3,43.994,15.5,21.5,70.397,1.6,12.4,0.807,1.7,23.6,0.06899999999999999,16.0,3.0,69.0
84,51,2016-01-08,15,1,2015-2016,Paulistano,L. Sorocabana,82.1,29.4,40.6,12.1,37.1,11.5,25.6,17.1,13.5,1.432,9.8,26.2,37.382,20.3,38.8,53.407000000000004,12.1,16.6,72.566,1.8,11.2,0.925,1.7,20.0,0.093,13.5,3.5,96.3,65.6,13.8,40.6,11.2,33.3,13.7,19.6,10.8,14.0,0.7849999999999999,4.6,18.3,22.798000000000002,20.3,42.4,47.265,11.2,15.1,73.359,0.9,11.1,0.8140000000000001,1.7,18.5,0.12999999999999998,14.0,4.3,68.8
68,90,2016-01-08,15,1,2015-2016,Sesi Franca,Bauru Basket,71.8,18.6,36.8,16.4,30.0,8.5,21.5,12.7,15.2,0.8800000000000001,6.2,20.1,29.175,18.4,34.6,55.885000000000005,16.4,22.9,72.819,2.0,8.7,0.619,2.7,18.8,0.145,15.2,2.6,74.1,88.1,32.7,36.8,18.6,39.1,9.4,29.7,18.3,12.8,1.642,10.9,27.6,39.254000000000005,18.4,33.6,55.34899999999999,18.6,22.9,81.304,1.6,8.3,0.719,1.1,18.4,0.06100000000000001,12.8,1.9,105.9
82,70,2016-01-08,15,1,2015-2016,Mogi,Coop/São José Basketball,79.8,23.4,40.8,15.6,33.7,10.4,23.3,16.0,13.9,1.3760000000000001,7.8,25.1,31.22,20.4,38.2,54.161000000000016,15.6,20.5,76.67099999999999,1.4,11.5,0.9950000000000001,2.1,19.7,0.11000000000000001,13.9,2.7,89.2,77.7,26.7,34.0,17.0,30.8,8.1,22.7,15.0,16.0,1.0530000000000002,8.9,22.8,39.205,17.0,34.6,49.587,17.0,22.6,74.245,0.9,7.9,0.517,1.5,23.4,0.06500000000000002,16.0,4.3,79.8
96,66,2016-01-08,15,1,2015-2016,Flamengo,Macaé Basquete,85.7,28.2,42.8,14.7,36.0,9.8,26.2,19.4,12.9,1.5950000000000002,9.4,24.5,37.683,21.4,39.4,54.08599999999999,14.7,18.5,77.91399999999999,0.9,10.2,0.8219999999999998,2.3,18.4,0.12499999999999997,12.9,1.3,103.8,78.2,20.1,37.2,20.9,34.2,9.3,24.9,11.4,15.1,0.8030000000000002,6.7,21.2,31.455000000000002,18.6,37.7,49.689,20.9,25.5,82.167,0.7,9.9,0.666,1.4,22.8,0.06299999999999999,15.1,3.5,81.8
60,71,2016-01-08,15,1,2015-2016,Vitória,Fortaleza B. C. / CFO,73.6,20.7,39.2,13.7,32.9,10.8,22.1,13.4,13.9,0.998,6.9,20.2,34.437,19.6,40.0,49.323,13.7,19.9,68.94399999999999,1.3,10.6,0.786,1.8,19.0,0.099,13.9,3.6,78.4,75.4,27.0,35.8,12.6,35.7,9.5,26.2,11.7,13.7,1.031,9.0,27.0,34.18,17.9,35.5,50.154999999999994,12.6,18.0,70.752,2.0,10.6,0.8640000000000001,1.9,21.1,0.08500000000000002,13.7,2.7,80.6
72,59,2016-01-09,15,1,2015-2016,Brasília,Minas,88.0,27.0,44.4,16.6,38.7,11.9,26.8,19.3,15.9,1.365,9.0,23.6,38.04600000000001,22.2,41.3,53.903,16.6,20.1,84.61699999999999,1.9,7.8,0.518,2.3,23.2,0.097,15.9,3.0,103.0,71.1,18.3,39.4,13.4,35.9,10.7,25.2,15.7,15.1,1.1400000000000001,6.1,18.4,33.156000000000006,19.7,40.0,49.900999999999996,13.4,18.6,68.98499999999999,1.3,8.7,0.6219999999999999,2.6,19.4,0.128,15.1,3.1,81.1
70,83,2016-01-12,1,2,2015-2016,Minas,Pinheiros,71.5,18.3,40.0,13.2,36.0,10.3,25.7,15.1,15.1,1.1,6.1,17.9,33.751,20.0,40.6,49.737,13.2,18.3,69.117,1.4,8.6,0.615,2.7,19.7,0.132,15.1,3.3,81.3,82.2,18.0,45.4,18.8,40.5,13.3,27.2,13.3,15.3,0.877,6.0,17.7,34.245,22.7,45.1,50.73899999999999,18.8,24.2,78.776,1.7,9.4,0.623,3.9,21.1,0.2,15.3,2.7,94.5
90,79,2016-01-12,1,2,2015-2016,Brasília,Caxias do Sul Basquete,87.9,28.5,43.4,16.0,37.5,11.4,26.1,18.7,15.2,1.393,9.5,24.4,38.540000000000006,21.7,40.6,53.855,16.0,19.6,83.109,1.8,8.5,0.575,2.2,22.9,0.094,15.2,3.0,102.2,69.3,23.7,29.0,16.6,32.2,8.9,23.3,12.6,15.4,0.834,7.9,23.0,35.236000000000004,14.5,34.0,43.833,16.6,23.1,70.32000000000001,1.3,12.7,0.8470000000000001,1.5,22.3,0.063,15.4,2.7,71.8
87,81,2016-01-12,1,2,2015-2016,Coop/São José Basketball,Vitória,79.3,27.6,33.6,18.1,30.0,7.7,22.3,15.6,15.4,1.158,9.2,22.9,40.266999999999996,16.8,34.4,49.324,18.1,23.7,75.16900000000001,1.0,8.4,0.597,1.4,23.4,0.06000000000000001,15.4,3.9,82.4,74.1,19.5,40.0,14.6,34.2,11.1,23.1,13.0,14.3,0.9490000000000002,6.5,19.8,33.092,20.0,41.0,48.879,14.6,20.9,70.384,1.3,10.2,0.7460000000000001,1.7,19.3,0.094,14.3,3.5,78.2
74,89,2016-01-13,1,1,2015-2016,Macaé Basquete,Sesi Franca,78.3,21.3,36.6,20.4,34.9,10.2,24.7,11.9,14.3,0.9,7.1,21.6,32.644,18.3,38.7,47.522,20.4,25.1,81.47399999999999,0.7,9.8,0.7120000000000001,1.2,23.3,0.049999999999999996,14.3,3.4,82.2,70.9,18.6,36.8,15.5,29.9,8.6,21.3,12.8,15.3,0.881,6.2,19.5,30.213,18.4,34.9,55.42999999999999,15.5,20.9,74.838,2.3,8.2,0.583,3.0,18.6,0.15800000000000003,15.3,3.0,74.3
65,56,2016-01-13,1,2,2015-2016,L. Sorocabana,Rio Claro,65.3,12.9,41.0,11.4,34.2,13.8,20.4,10.9,14.0,0.791,4.3,17.8,21.986,20.5,42.6,47.514,11.4,15.6,72.05199999999999,1.2,10.8,0.796,1.8,18.0,0.13499999999999998,14.0,4.0,69.2,73.1,24.6,37.6,10.9,33.4,9.4,24.0,17.7,15.7,1.176,8.2,23.1,35.247,18.8,35.9,52.024,10.9,16.5,66.25300000000001,2.2,11.4,0.749,3.2,22.0,0.149,15.7,3.9,85.5
85,69,2016-01-13,1,2,2015-2016,Flamengo,Bauru Basket,88.2,30.3,43.0,14.9,35.0,9.4,25.6,20.7,12.8,1.685,10.1,24.8,40.302,21.5,38.7,55.397000000000006,14.9,18.7,78.50999999999999,1.1,10.9,0.8710000000000001,2.4,18.2,0.13199999999999998,12.8,1.5,108.7,87.2,33.6,36.6,17.0,38.4,9.6,28.8,17.9,13.6,1.5100000000000002,11.2,27.7,40.370999999999995,18.3,33.1,55.83299999999999,17.0,21.6,78.601,1.5,7.9,0.6070000000000001,1.3,17.9,0.07400000000000001,13.6,2.0,103.2
77,67,2016-01-14,2,2,2015-2016,Minas,Caxias do Sul Basquete,72.3,18.0,41.0,13.3,36.0,9.8,26.2,15.9,15.5,1.123,6.0,17.5,34.004,20.5,40.5,51.29299999999999,13.3,18.4,69.248,1.5,8.2,0.583,2.7,19.7,0.13200000000000003,15.5,3.3,83.0,67.8,24.0,28.6,15.2,30.7,8.0,22.7,12.6,15.5,0.826,8.0,23.0,35.636,14.3,33.1,44.474000000000004,15.2,21.6,68.932,1.4,12.1,0.796,1.1,21.5,0.05,15.5,3.3,68.6
81,90,2016-01-14,2,2,2015-2016,Coop/São José Basketball,Fortaleza B. C. / CFO,78.6,27.6,34.6,16.4,29.2,7.2,22.0,15.4,14.1,1.234,9.2,23.6,39.23,17.3,34.2,50.775999999999996,16.4,21.9,73.90299999999999,1.0,8.4,0.643,1.4,22.5,0.06100000000000001,14.1,3.4,82.1,76.3,27.9,34.6,13.8,36.7,9.9,26.8,12.2,13.5,1.0959999999999999,9.3,27.3,34.92100000000001,17.3,34.6,49.830999999999996,13.8,19.6,70.838,1.9,10.4,0.859,1.8,21.0,0.08000000000000002,13.5,2.8,82.8
90,70,2016-01-14,2,2,2015-2016,Brasília,Pinheiros,87.6,28.2,43.8,15.6,36.8,11.4,25.4,19.0,15.1,1.418,9.4,24.3,38.32600000000001,21.9,40.7,54.220000000000006,15.6,19.1,83.16599999999998,2.0,9.0,0.609,2.6,22.2,0.122,15.1,3.2,102.7,80.8,18.9,43.8,18.1,38.5,13.2,25.3,13.7,15.6,0.884,6.3,18.0,35.912,21.9,44.4,49.841,18.1,23.2,78.83600000000001,1.8,9.5,0.6170000000000001,3.7,20.3,0.196,15.6,2.8,91.3
68,101,2016-01-15,2,2,2015-2016,Macaé Basquete,Bauru Basket,77.7,20.7,36.0,21.0,34.5,9.9,24.6,12.2,13.7,0.9710000000000001,6.9,21.3,32.173,18.0,38.5,46.961,21.0,25.9,81.61699999999999,0.7,9.9,0.752,1.2,24.1,0.048,13.7,3.2,82.0,85.9,33.3,36.8,15.8,38.4,9.6,28.8,18.0,13.6,1.52,11.1,27.8,39.876999999999995,18.4,33.2,55.976,15.8,20.9,76.64599999999999,1.5,8.3,0.647,1.3,18.0,0.07400000000000001,13.6,2.0,101.7
70,73,2016-01-15,2,2,2015-2016,Paulistano,Rio Claro,80.7,29.4,39.2,12.1,37.0,11.8,25.2,17.0,14.4,1.3599999999999999,9.8,27.4,36.19,19.6,37.6,53.31,12.1,17.1,70.96199999999999,1.7,11.7,0.9180000000000001,1.5,19.8,0.08399999999999999,14.4,3.9,92.9,74.1,23.4,39.2,11.5,33.7,8.9,24.8,17.7,15.7,1.1760000000000002,7.8,22.0,34.922000000000004,19.6,36.4,53.66300000000001,11.5,17.3,66.383,2.1,11.0,0.728,3.1,23.0,0.139,15.7,3.8,87.1
83,73,2016-01-16,2,2,2015-2016,Flamengo,Sesi Franca,88.0,28.5,44.2,15.3,35.6,9.8,25.8,19.9,12.6,1.641,9.5,24.4,38.413999999999994,22.1,39.4,55.919999999999995,15.3,19.5,77.19099999999999,1.3,10.7,0.868,2.3,17.8,0.131,12.6,1.4,107.5,71.2,19.2,37.8,14.2,30.9,9.3,21.6,12.9,15.5,0.876,6.4,19.9,30.546,18.9,35.2,56.28699999999999,14.2,19.0,74.941,2.4,8.5,0.594,2.8,18.3,0.15,15.5,3.1,76.2
73,93,2016-01-17,9,1,2015-2016,L. Sorocabana,Brasília,64.0,11.1,40.8,12.1,34.3,14.4,19.9,10.4,13.8,0.7679999999999998,3.7,17.6,19.395000000000003,20.4,43.0,46.827000000000005,12.1,16.3,72.76599999999999,1.2,10.7,0.8,1.9,17.5,0.13999999999999999,13.8,3.9,66.8,88.4,29.7,43.0,15.7,36.4,11.2,25.2,19.1,14.9,1.438,9.9,25.1,38.908,21.5,39.7,54.711,15.7,18.9,84.545,2.3,9.2,0.63,2.7,22.6,0.125,14.9,2.7,104.3
75,81,2016-01-19,10,1,2015-2016,Paulistano,Brasília,81.5,27.6,41.4,12.5,36.5,11.4,25.1,16.9,14.6,1.341,9.2,26.7,34.376,20.7,38.2,55.343999999999994,12.5,17.5,71.324,1.9,12.2,0.942,1.4,19.8,0.079,14.6,3.6,93.9,89.2,30.0,44.0,15.2,35.0,9.9,25.1,19.1,15.6,1.395,10.0,24.7,39.806000000000004,22.0,39.3,56.55,15.2,18.1,84.87,2.3,10.1,0.6649999999999999,2.8,22.9,0.129,15.6,3.1,105.7
73,91,2016-01-20,4,2,2015-2016,Rio Claro,Flamengo,75.1,23.4,39.8,11.9,34.0,9.2,24.8,17.9,15.1,1.248,7.8,22.1,34.747,19.9,37.0,53.68000000000001,11.9,18.2,65.51899999999999,2.0,10.9,0.755,3.3,23.7,0.145,15.1,3.8,88.4,87.5,27.3,44.8,15.4,35.0,9.4,25.6,19.3,12.8,1.561,9.1,23.3,39.216,22.4,40.1,55.648,15.4,20.0,75.99099999999999,1.3,11.1,0.8939999999999999,2.5,18.0,0.13999999999999999,12.8,1.7,106.1
91,79,2016-01-22,8,1,2015-2016,Brasília,Mogi,88.9,31.5,43.8,13.6,35.1,9.9,25.2,18.7,15.2,1.4,10.5,24.7,41.729,21.9,39.2,56.45,13.6,16.4,83.57000000000001,1.9,9.9,0.6619999999999999,2.8,22.9,0.12900000000000003,15.2,3.2,105.9,79.1,23.1,39.6,16.4,32.8,10.3,22.5,15.4,14.6,1.198,7.7,25.4,30.190999999999995,19.8,36.2,54.875,16.4,21.6,76.87899999999999,1.5,11.2,0.9019999999999999,1.8,19.5,0.098,14.6,2.8,86.4
62,61,2016-01-23,3,2,2015-2016,Rio Claro,Macaé Basquete,73.0,22.8,38.0,12.2,34.4,9.2,25.2,16.5,14.4,1.209,7.6,22.9,32.87499999999999,19.0,36.5,51.882000000000005,12.2,18.2,67.186,1.7,9.9,0.7310000000000001,3.0,23.1,0.135,14.4,3.2,83.6,77.4,20.7,36.8,19.9,35.7,9.9,25.8,12.7,13.4,1.009,6.9,21.7,31.673000000000002,18.4,37.9,48.952,19.9,25.3,78.60600000000001,0.9,9.3,0.728,1.3,24.1,0.053000000000000005,13.4,3.2,83.3
69,54,2016-01-23,5,2,2015-2016,Flamengo,L. Sorocabana,85.1,26.7,43.4,15.0,34.5,9.4,25.1,19.2,13.0,1.541,8.9,22.4,39.772000000000006,21.7,40.0,54.075,15.0,19.8,72.658,1.3,11.1,0.881,2.4,17.4,0.13700000000000004,13.0,2.0,102.7,63.5,11.4,39.8,12.3,33.1,13.6,19.5,10.2,14.3,0.7389999999999999,3.8,17.8,19.784000000000002,19.9,41.3,47.641000000000005,12.3,17.1,71.655,1.3,11.2,0.8110000000000002,2.0,16.7,0.147,14.3,3.9,65.5
83,73,2016-01-24,7,1,2015-2016,Brasília,Coop/São José Basketball,86.1,30.6,42.6,12.9,36.5,10.7,25.8,18.4,15.7,1.256,10.2,25.3,39.901,21.3,38.8,55.51800000000001,12.9,15.4,84.57000000000001,2.2,10.3,0.659,2.9,22.5,0.13500000000000004,15.7,3.4,103.4,77.5,27.0,34.4,16.1,29.5,7.4,22.1,15.9,13.9,1.285,9.0,23.6,38.278000000000006,17.2,34.6,49.992,16.1,21.3,74.59800000000001,0.8,9.0,0.6900000000000001,1.4,21.6,0.065,13.9,3.0,82.2
72,69,2016-01-26,3,2,2015-2016,Fortaleza B. C. / CFO,Paulistano,77.1,28.8,34.0,14.3,35.7,9.2,26.5,12.0,13.9,1.066,9.6,27.8,35.521,17.0,33.6,50.574,14.3,19.5,73.624,1.7,11.2,0.892,1.7,20.9,0.07500000000000001,13.9,3.1,83.8,80.1,25.2,42.2,12.7,36.5,11.9,24.6,16.5,13.9,1.3450000000000002,8.4,25.8,32.548,21.1,39.7,54.029999999999994,12.7,17.7,71.52400000000002,2.0,12.0,0.9530000000000001,1.5,19.3,0.084,13.9,3.1,91.7
73,74,2016-01-26,3,2,2015-2016,Vitória,L. Sorocabana,73.1,18.0,39.0,16.1,33.3,10.6,22.7,12.6,15.5,0.82,6.0,19.1,31.695000000000004,19.5,39.7,49.327999999999996,16.1,23.7,67.795,1.2,11.2,0.7270000000000001,1.8,19.6,0.098,15.5,3.5,75.5,64.0,12.6,39.6,11.8,33.6,13.2,20.4,9.8,14.3,0.7209999999999999,4.2,18.7,20.154999999999998,19.8,40.1,49.212,11.8,17.0,69.316,1.4,10.9,0.7979999999999999,2.0,18.6,0.14400000000000004,14.3,3.6,66.0
104,65,2016-01-27,3,2,2015-2016,Pinheiros,Coop/São José Basketball,83.9,21.0,44.6,18.3,38.8,13.3,25.5,15.0,15.4,1.005,7.0,19.1,36.826,22.3,44.2,51.032,18.3,22.8,80.80100000000002,1.8,9.8,0.6540000000000001,3.6,21.0,0.175,15.4,2.4,97.2,76.1,25.8,34.4,15.9,29.3,7.3,22.0,15.8,14.0,1.275,8.6,23.6,36.739000000000004,17.2,34.7,49.81999999999999,15.9,20.6,76.51,0.8,8.9,0.681,1.3,21.1,0.061,14.0,3.1,80.2
80,79,2016-01-27,3,2,2015-2016,Sesi Franca,Minas,73.7,21.9,37.8,14.0,29.2,7.7,21.5,13.7,14.6,0.9469999999999998,7.3,20.6,34.212999999999994,18.9,33.8,58.03699999999999,14.0,19.5,73.09100000000001,2.4,8.8,0.634,2.8,19.5,0.142,14.6,3.0,79.9,72.8,17.7,40.2,14.9,36.9,10.6,26.3,15.0,16.0,1.064,5.9,17.2,34.025999999999996,20.1,40.4,50.308,14.9,20.6,68.562,1.4,8.3,0.576,2.4,20.8,0.11500000000000002,16.0,3.4,82.1
81,89,2016-01-27,3,2,2015-2016,Caxias do Sul Basquete,Mogi,68.9,26.1,29.2,13.6,30.8,7.8,23.0,13.3,15.2,0.901,8.7,23.6,37.162,14.6,33.9,44.162,13.6,19.4,68.712,1.3,11.7,0.7889999999999999,1.1,21.8,0.05,15.2,3.5,70.6,81.2,23.7,40.4,17.1,33.5,10.0,23.5,15.6,14.2,1.2269999999999999,7.9,25.1,31.501000000000005,20.2,36.4,55.70799999999999,17.1,22.7,76.925,1.2,10.5,0.876,1.6,19.8,0.08399999999999999,14.2,2.9,89.2
68,85,2016-01-28,4,2,2015-2016,Vitória,Paulistano,71.3,16.2,38.8,16.3,33.2,10.7,22.5,11.9,15.6,0.764,5.4,18.3,30.028000000000002,19.4,40.6,47.946999999999996,16.3,23.5,69.714,1.2,10.9,0.701,1.8,19.4,0.098,15.6,3.6,72.1,78.5,23.7,42.6,12.2,36.4,11.7,24.7,15.9,14.2,1.218,7.9,25.0,31.992,21.3,39.8,54.340999999999994,12.2,17.2,70.95600000000002,1.9,11.8,0.897,1.4,19.8,0.074,14.2,3.2,89.2
79,81,2016-01-29,4,2,2015-2016,Pinheiros,Mogi,84.1,20.1,45.0,19.0,38.4,12.6,25.8,15.4,15.4,1.028,6.7,18.7,36.052,22.5,43.7,52.11500000000001,19.0,24.0,79.539,1.8,10.3,0.684,3.3,21.8,0.158,15.4,2.2,97.9,82.2,24.9,39.6,17.7,34.0,10.5,23.5,15.6,14.0,1.241,8.3,26.1,32.33400000000001,19.8,35.7,55.715999999999994,17.7,24.2,74.703,1.2,10.9,0.922,1.8,20.4,0.089,14.0,2.9,90.3
71,79,2016-01-29,4,2,2015-2016,Sesi Franca,Brasília,71.7,20.4,37.8,13.5,28.9,7.7,21.2,13.1,14.2,0.9339999999999999,6.8,20.3,32.590999999999994,18.9,35.2,55.81,13.5,18.4,74.27000000000001,2.4,8.9,0.665,2.6,19.3,0.134,14.2,3.1,76.3,83.3,30.9,40.6,11.8,36.3,10.6,25.7,16.9,16.3,1.082,10.3,25.2,40.404,20.3,37.4,54.74400000000001,11.8,13.9,84.772,2.0,10.3,0.6359999999999999,2.4,21.6,0.118,16.3,3.5,98.8
94,81,2016-01-29,4,2,2015-2016,Bauru Basket,Minas,88.1,35.4,36.2,16.5,38.7,9.3,29.4,18.1,13.0,1.629,11.8,28.8,41.077999999999996,18.1,32.6,56.229000000000006,16.5,21.8,76.464,1.2,7.6,0.632,1.4,18.3,0.081,13.0,1.8,104.1,71.8,17.1,40.8,13.9,36.9,10.4,26.5,14.2,16.1,0.938,5.7,16.8,33.723,20.4,41.0,50.283,13.9,19.7,66.548,1.4,8.3,0.5650000000000001,1.8,20.0,0.093,16.1,3.0,79.3
65,73,2016-01-29,4,2,2015-2016,Caxias do Sul Basquete,Coop/São José Basketball,67.6,24.6,30.2,12.8,31.0,7.9,23.1,12.0,14.5,0.867,8.2,24.1,34.468999999999994,15.1,34.6,44.590999999999994,12.8,18.8,66.42600000000002,1.1,11.6,0.8119999999999999,0.9,22.0,0.039999999999999994,14.5,3.4,67.2,76.0,26.7,33.8,15.5,31.0,7.4,23.6,15.5,15.0,1.177,8.9,24.6,36.45100000000001,16.9,33.7,50.465,15.5,19.5,78.593,0.9,9.1,0.633,2.0,20.8,0.094,15.0,3.3,82.1
88,65,2016-01-30,4,2,2015-2016,Fortaleza B. C. / CFO,L. Sorocabana,79.2,29.1,35.6,14.5,35.1,8.9,26.2,13.7,13.6,1.218,9.7,27.9,35.783,17.8,33.0,53.339,14.5,20.0,72.384,1.6,10.8,0.8789999999999999,1.8,21.3,0.08000000000000002,13.6,3.3,88.1,64.7,12.9,39.4,12.4,33.5,13.3,20.2,10.0,14.9,0.6899999999999998,4.3,19.1,20.104,19.7,39.5,49.654,12.4,17.8,69.18599999999999,1.6,10.6,0.734,1.9,19.0,0.13500000000000004,14.9,4.2,65.8
94,92,2016-01-31,3,2,2015-2016,Bauru Basket,Brasília,88.5,34.8,35.6,18.1,38.3,9.5,28.8,17.4,12.8,1.589,11.6,27.1,43.319,17.8,33.5,53.931,18.1,23.2,78.36800000000001,1.2,7.0,0.5720000000000001,1.6,18.3,0.091,12.8,1.6,103.7,84.0,32.4,39.0,12.6,35.7,10.5,25.2,17.4,14.5,1.534,10.8,25.7,41.62500000000001,19.5,36.8,53.572,12.6,15.0,83.468,2.1,9.6,0.727,2.4,22.2,0.11600000000000002,14.5,3.2,100.0
75,84,2016-02-02,5,2,2015-2016,Macaé Basquete,Paulistano,74.8,20.7,36.0,18.1,34.9,9.2,25.7,13.0,13.1,1.058,6.9,21.5,32.051,18.0,37.5,48.429,18.1,23.3,78.71,1.0,9.1,0.7330000000000001,1.2,22.6,0.049999999999999996,13.1,3.0,80.6,78.7,23.7,41.8,13.2,35.8,11.0,24.8,15.1,14.8,1.0719999999999998,7.9,23.6,33.936,20.9,39.8,53.164,13.2,18.0,74.224,1.8,11.0,0.768,1.5,19.7,0.08,14.8,3.4,87.9
67,63,2016-02-02,5,2,2015-2016,Rio Claro,Coop/São José Basketball,72.9,22.5,38.4,12.0,33.9,9.2,24.7,16.1,13.7,1.2289999999999999,7.5,23.1,32.269999999999996,19.2,37.1,51.352999999999994,12.0,17.8,67.55,1.7,10.2,0.776,2.9,23.0,0.13100000000000003,13.7,2.8,83.0,74.0,26.1,34.0,13.9,30.8,7.1,23.7,15.3,14.7,1.1840000000000002,8.7,24.1,36.513000000000005,17.0,34.2,49.813,13.9,18.4,73.593,0.7,9.0,0.636,1.6,20.1,0.08,14.7,3.5,78.9
79,83,2016-02-03,5,2,2015-2016,Minas,Vitória,74.7,18.6,42.4,13.7,37.7,11.4,26.3,14.9,16.1,0.9719999999999999,6.2,17.1,36.70399999999999,21.2,41.8,51.239999999999995,13.7,19.7,65.437,1.6,8.1,0.556,1.8,20.5,0.09,16.1,3.4,83.5,72.6,17.4,40.0,15.2,32.6,10.4,22.2,12.4,15.5,0.8150000000000001,5.8,18.2,32.308,20.0,41.0,48.75599999999999,15.2,22.6,67.447,1.0,11.4,0.7529999999999999,1.8,18.9,0.101,15.5,3.4,74.4
90,78,2016-02-03,5,2,2015-2016,Caxias do Sul Basquete,Sesi Franca,71.5,25.8,32.4,13.3,31.6,8.3,23.3,13.5,14.0,0.9970000000000001,8.6,24.8,34.94499999999999,16.2,34.0,48.083,13.3,19.4,66.38500000000002,1.3,11.1,0.8019999999999999,1.3,22.5,0.059,14.0,3.7,74.9,70.7,18.9,38.0,13.8,28.4,8.2,20.2,12.6,14.1,0.9059999999999999,6.3,19.3,31.923999999999996,19.0,35.9,55.048000000000016,13.8,18.6,75.034,2.2,9.2,0.6910000000000001,2.1,19.3,0.10800000000000001,14.1,3.2,74.2
88,100,2016-02-03,5,2,2015-2016,Pinheiros,Bauru Basket,83.2,21.3,44.0,17.9,39.2,12.9,26.3,15.5,15.5,1.03,7.1,18.9,37.706,22.0,44.6,49.919,17.9,22.5,80.239,1.7,10.3,0.681,2.7,21.0,0.138,15.5,1.9,96.4,88.1,32.7,37.8,17.6,38.6,9.7,28.9,16.7,13.0,1.516,10.9,27.3,40.445,18.9,35.0,54.07900000000001,17.6,22.5,78.853,0.8,8.2,0.648,1.8,18.0,0.101,13.0,2.3,103.0
83,90,2016-02-04,6,2,2015-2016,Macaé Basquete,L. Sorocabana,76.0,21.0,37.0,18.0,34.2,9.2,25.0,13.9,13.3,1.109,7.0,20.9,33.718,18.5,38.4,48.523,18.0,23.0,79.265,1.0,8.8,0.704,1.1,22.2,0.047,13.3,3.0,81.9,65.3,15.9,38.0,11.4,31.9,11.8,20.1,11.1,14.9,0.7749999999999999,5.3,19.8,23.793,19.0,37.6,50.669,11.4,16.9,67.15799999999999,1.6,10.5,0.7269999999999999,2.1,19.4,0.14200000000000002,14.9,4.6,67.4
98,84,2016-02-04,6,2,2015-2016,Rio Claro,Mogi,74.1,22.5,39.6,12.0,34.6,9.8,24.8,16.4,13.9,1.2280000000000002,7.5,23.6,31.369999999999997,19.8,37.9,51.605999999999995,12.0,18.0,66.62100000000001,1.5,10.4,0.7820000000000001,2.7,23.4,0.12000000000000004,13.9,2.8,84.1,83.2,25.5,39.6,18.1,33.8,10.4,23.4,15.6,14.1,1.2309999999999999,8.5,26.8,32.189,19.8,34.8,56.951,18.1,24.7,74.90299999999999,1.1,11.7,0.977,1.8,20.5,0.08900000000000001,14.1,2.7,92.1
75,65,2016-02-04,6,2,2015-2016,Flamengo,Paulistano,84.7,25.8,44.6,14.3,34.7,9.4,25.3,19.2,12.5,1.6119999999999997,8.6,21.3,40.308,22.3,40.3,55.314,14.3,18.8,72.28999999999999,1.6,10.3,0.8480000000000001,2.7,16.8,0.16300000000000003,12.5,2.2,103.9,77.5,25.8,40.0,11.7,37.0,11.2,25.8,15.2,14.1,1.172,8.6,24.5,35.421,20.0,39.5,51.354000000000006,11.7,16.1,70.757,1.9,10.2,0.754,1.7,18.8,0.095,14.1,3.2,87.7
87,91,2016-02-05,6,2,2015-2016,Pinheiros,Sesi Franca,83.6,22.2,42.2,19.2,37.4,12.2,25.2,15.8,15.0,1.0850000000000002,7.4,19.6,37.86,21.1,43.0,49.7,19.2,24.1,80.55199999999999,1.6,10.5,0.7220000000000001,2.3,21.4,0.11299999999999999,15.0,2.2,95.6,72.0,19.8,38.0,14.2,29.7,8.3,21.4,13.1,13.9,0.9360000000000002,6.6,19.7,32.793,19.0,36.4,54.375,14.2,18.8,75.928,2.0,9.1,0.6900000000000002,2.4,20.0,0.119,13.9,3.3,77.3
61,75,2016-02-05,6,2,2015-2016,Minas,Fortaleza B. C. / CFO,74.7,16.2,43.2,15.3,38.7,12.1,26.6,16.0,16.2,1.037,5.4,17.0,32.493,21.6,42.8,51.05,15.3,21.6,68.45900000000002,1.6,8.2,0.5589999999999999,2.2,21.6,0.10500000000000001,16.2,3.3,84.4,77.9,29.1,34.4,14.4,35.3,9.1,26.2,13.5,13.0,1.242,9.7,27.9,35.783,17.2,32.9,51.76800000000001,14.4,20.6,70.668,1.6,11.2,0.9360000000000002,2.5,21.4,0.10800000000000001,13.0,3.1,87.3
83,84,2016-02-06,6,2,2015-2016,Caxias do Sul Basquete,Bauru Basket,73.6,27.0,33.2,13.4,31.3,8.1,23.2,14.1,13.9,1.064,9.0,25.8,35.054,16.6,33.6,49.636,13.4,19.2,67.913,1.6,11.1,0.8089999999999999,1.5,22.9,0.06799999999999999,13.9,3.7,78.1,87.1,32.4,36.8,17.9,38.5,9.9,28.6,16.5,12.9,1.512,10.8,27.2,40.251,18.4,34.8,52.837,17.9,22.7,79.459,0.8,8.0,0.638,1.8,17.3,0.10300000000000001,12.9,2.6,101.4
84,77,2016-02-12,2,2,2015-2016,Mogi,Vitória,82.6,26.4,38.6,17.6,33.5,9.7,23.8,16.2,15.0,1.2079999999999997,8.8,26.1,34.102,19.3,34.3,56.40899999999999,17.6,24.1,74.773,1.3,11.4,0.9129999999999999,2.1,20.5,0.10500000000000001,15.0,2.6,92.0,74.0,17.7,41.4,14.9,33.8,11.5,22.3,13.6,15.2,0.9359999999999999,5.9,19.1,31.133,20.7,42.8,48.878,14.9,21.8,68.515,1.1,12.0,0.8290000000000001,1.3,19.2,0.072,15.2,3.2,77.2
82,95,2016-02-12,5,2,2015-2016,Brasília,Fortaleza B. C. / CFO,85.3,34.2,38.8,12.3,35.2,10.1,25.1,17.9,14.2,1.5919999999999999,11.4,26.9,42.662000000000006,19.4,36.0,54.254,12.3,14.7,83.17,2.0,9.6,0.742,2.3,22.8,0.11000000000000001,14.2,3.1,101.6,79.7,29.4,35.0,15.3,36.5,9.5,27.0,14.0,13.4,1.215,9.8,28.6,35.238,17.5,32.7,52.972,15.3,21.6,71.82300000000001,1.9,11.4,0.9019999999999999,2.6,21.6,0.11300000000000002,13.4,3.2,90.5
63,80,2016-02-13,7,2,2015-2016,L. Sorocabana,Pinheiros,63.5,17.4,36.0,10.1,31.5,11.4,20.1,11.8,15.2,0.805,5.8,20.4,25.414,18.0,36.8,49.374999999999986,10.1,15.6,63.201,1.7,10.6,0.7219999999999999,2.3,19.3,0.151,15.2,4.0,65.6,82.6,22.2,41.0,19.4,38.3,12.2,26.1,16.3,14.6,1.158,7.4,20.0,37.05200000000001,20.5,42.9,48.452999999999996,19.4,23.6,82.685,1.8,11.0,0.783,2.3,20.7,0.125,14.6,2.1,96.7
78,73,2016-02-14,1,2,2015-2016,Mogi,Fortaleza B. C. / CFO,81.1,24.0,39.4,17.7,34.0,10.3,23.7,15.2,13.7,1.2919999999999998,8.0,25.1,31.887999999999998,19.7,36.0,55.217,17.7,24.9,73.211,1.4,11.6,1.049,2.0,20.4,0.101,13.7,2.7,89.6,76.4,28.2,32.4,15.8,37.2,9.3,27.9,13.8,13.9,1.154,9.4,29.3,32.542,16.2,30.3,53.38900000000001,15.8,22.2,71.849,1.9,9.8,0.7529999999999999,2.6,21.9,0.11100000000000002,13.9,3.4,85.5
81,67,2016-02-14,6,2,2015-2016,Brasília,Vitória,86.2,36.3,37.6,12.3,34.0,9.9,24.1,18.4,13.8,1.65,12.1,27.7,44.30500000000001,18.8,35.8,52.938,12.3,15.0,81.405,2.0,10.0,0.782,2.3,22.4,0.11200000000000002,13.8,3.1,101.8,73.9,17.7,41.2,15.0,33.7,10.9,22.8,13.9,15.9,0.924,5.9,18.6,31.532999999999998,20.6,42.2,49.398999999999994,15.0,21.4,70.672,1.1,12.1,0.8069999999999998,1.8,19.2,0.097,15.9,3.4,78.7
87,60,2016-02-16,7,2,2015-2016,Paulistano,Caxias do Sul Basquete,77.8,26.1,40.2,11.5,37.7,10.8,26.9,15.5,14.3,1.176,8.7,24.1,36.583,20.1,39.4,51.833000000000006,11.5,15.4,73.08200000000001,2.0,9.7,0.72,1.7,18.4,0.097,14.3,3.2,89.5,72.9,27.3,33.0,12.6,30.1,8.1,22.0,14.0,13.6,1.084,9.1,27.4,33.554,16.5,33.0,50.025,12.6,17.6,69.342,1.5,10.6,0.793,1.6,22.5,0.074,13.6,3.7,75.8
82,69,2016-02-16,7,2,2015-2016,Bauru Basket,Rio Claro,87.1,33.6,36.2,17.3,37.2,10.1,27.1,16.7,14.1,1.345,11.2,27.5,41.251,18.1,33.8,53.504,17.3,22.3,78.202,0.8,9.2,0.649,1.9,17.2,0.11000000000000001,14.1,2.8,101.0,74.5,21.6,41.0,11.9,32.9,8.7,24.2,16.1,13.9,1.2120000000000002,7.2,23.1,31.016999999999996,20.5,37.8,54.05799999999999,11.9,16.9,70.43700000000001,1.6,10.8,0.8029999999999999,2.7,23.0,0.12100000000000002,13.9,2.7,84.9
66,67,2016-02-17,7,2,2015-2016,Flamengo,Fortaleza B. C. / CFO,83.2,23.4,45.4,14.4,36.2,10.5,25.7,18.2,13.0,1.4489999999999998,7.8,20.8,37.598,22.7,41.0,55.52,14.4,18.7,73.31899999999999,1.9,10.4,0.804,2.8,17.4,0.16600000000000004,13.0,1.9,102.2,76.5,27.3,32.8,16.4,37.2,9.5,27.7,13.7,15.2,1.004,9.1,27.8,32.952999999999996,16.4,30.5,53.722,16.4,22.7,73.473,1.9,10.6,0.7249999999999999,2.4,22.1,0.1,15.2,3.6,86.1
88,79,2016-02-17,7,2,2015-2016,Macaé Basquete,Vitória,74.4,22.5,34.4,17.5,33.8,9.0,24.8,15.2,14.3,1.119,7.5,21.4,34.99999999999999,17.2,36.3,47.757999999999996,17.5,21.8,80.801,1.1,9.2,0.692,1.1,22.1,0.047,14.3,3.1,82.1,74.0,17.7,40.6,15.7,34.0,11.1,22.9,13.7,15.8,0.917,5.9,18.8,31.192,20.3,43.5,47.303,15.7,21.7,72.712,1.2,12.8,0.8579999999999999,1.8,19.5,0.095,15.8,3.0,78.3
81,87,2016-02-18,7,2,2015-2016,Coop/São José Basketball,Brasília,73.3,25.2,34.6,13.5,30.8,7.2,23.6,14.8,15.4,1.06,8.4,24.1,35.208,17.3,33.9,51.03099999999999,13.5,18.1,72.997,0.6,9.5,0.649,1.6,20.4,0.07799999999999999,15.4,3.7,77.7,85.9,34.2,38.4,13.3,34.7,10.2,24.5,17.6,13.7,1.6019999999999999,11.4,27.5,41.714,19.2,36.6,52.563,13.3,16.4,81.018,1.7,9.9,0.7799999999999999,2.2,22.5,0.10700000000000003,13.7,2.8,100.0
80,84,2016-02-18,8,2,2015-2016,Pinheiros,Paulistano,84.3,23.7,40.8,19.8,37.0,11.8,25.2,16.6,14.3,1.211,7.9,21.1,38.109,20.4,42.0,49.097,19.8,24.3,81.673,1.6,11.6,0.857,2.3,20.7,0.125,14.3,2.1,98.2,78.2,26.7,38.8,12.7,37.5,10.5,27.0,16.1,15.0,1.1340000000000001,8.9,23.9,37.6,19.4,37.6,52.324,12.7,16.7,73.982,2.0,9.7,0.673,1.7,18.7,0.095,15.0,3.1,91.0
64,70,2016-02-18,8,2,2015-2016,Sesi Franca,Rio Claro,70.8,20.1,37.4,13.3,29.5,8.1,21.4,12.7,13.7,0.9179999999999999,6.7,19.7,33.293000000000006,18.7,36.0,54.153999999999996,13.3,18.3,73.174,1.9,9.0,0.692,2.5,19.5,0.12799999999999997,13.7,3.3,75.5,71.9,22.2,38.4,11.3,34.0,9.0,25.0,15.8,14.4,1.1570000000000003,7.4,23.3,31.456999999999994,19.2,36.4,52.574,11.3,16.5,67.99300000000001,1.9,10.3,0.75,2.5,22.4,0.11600000000000002,14.4,3.0,81.8
61,74,2016-02-18,8,2,2015-2016,L. Sorocabana,Caxias do Sul Basquete,68.0,18.3,39.4,10.3,34.6,12.9,21.7,13.2,16.4,0.8550000000000001,6.1,21.6,27.413999999999998,19.7,40.4,49.510999999999996,10.3,16.4,60.701,2.0,11.2,0.703,2.4,20.5,0.123,16.4,4.1,70.7,73.8,27.9,32.4,13.5,31.1,9.0,22.1,14.6,14.2,1.09,9.3,27.2,34.65,16.2,33.4,48.374,13.5,18.2,74.009,1.5,10.9,0.778,1.7,21.7,0.08099999999999999,14.2,4.0,78.1
69,79,2016-02-19,8,2,2015-2016,Macaé Basquete,Fortaleza B. C. / CFO,73.2,21.3,34.4,17.5,34.3,9.2,25.1,14.6,14.2,1.076,7.1,21.6,33.157,17.2,36.9,46.872,17.5,21.5,81.82000000000001,0.9,9.1,0.69,1.3,22.3,0.054000000000000006,14.2,3.0,80.1,77.6,27.9,31.8,17.9,37.9,9.2,28.7,13.6,15.3,0.9899999999999999,9.3,27.4,33.977000000000004,15.9,30.4,52.134,17.9,23.8,76.197,1.7,10.3,0.696,2.6,22.3,0.10800000000000001,15.3,3.4,88.2
59,89,2016-02-19,8,2,2015-2016,Coop/São José Basketball,Minas,71.5,23.7,34.0,13.8,29.9,6.9,23.0,13.8,15.7,0.9700000000000001,7.9,23.7,33.38700000000001,17.0,33.4,50.896,13.8,18.5,73.13300000000001,0.4,9.8,0.658,1.9,20.9,0.091,15.7,3.4,74.3,76.2,16.5,43.4,16.3,38.4,12.3,26.1,14.7,16.1,0.975,5.5,16.9,33.253,21.7,42.9,51.146,16.3,22.4,71.809,1.7,8.9,0.5970000000000001,1.9,21.9,0.088,16.1,3.4,85.2
101,53,2016-02-20,8,2,2015-2016,Flamengo,Vitória,83.9,25.2,45.0,13.7,37.6,10.7,26.9,18.7,12.5,1.566,8.4,22.0,38.45,22.5,40.5,55.676,13.7,18.5,71.26,1.8,10.6,0.874,3.2,17.0,0.195,12.5,1.7,105.1,71.9,16.8,40.4,14.7,34.7,11.7,23.0,12.8,16.4,0.8459999999999999,5.6,19.0,29.362000000000002,20.2,44.7,45.712,14.7,20.8,70.684,1.2,13.1,0.861,1.8,20.5,0.08700000000000001,16.4,2.9,73.8
94,73,2016-02-21,9,2,2015-2016,Brasília,L. Sorocabana,86.3,32.7,39.6,14.0,35.9,10.2,25.7,18.1,14.3,1.5910000000000002,10.9,27.7,38.940999999999995,19.8,36.4,54.51700000000001,14.0,17.5,80.10900000000001,1.4,9.7,0.749,2.0,23.1,0.08800000000000001,14.3,2.5,100.8,66.9,17.7,38.2,11.0,34.1,12.7,21.4,12.9,16.4,0.8320000000000001,5.9,23.0,25.021,19.1,39.4,49.195,11.0,17.1,61.462,2.0,11.5,0.7260000000000001,2.2,20.7,0.11200000000000002,16.4,3.9,67.7
62,71,2016-02-22,14,2,2015-2016,Caxias do Sul Basquete,Fortaleza B. C. / CFO,75.0,30.6,32.2,12.2,31.0,9.1,21.9,15.4,14.1,1.1340000000000001,10.2,28.1,37.34,16.1,32.5,49.207,12.2,16.9,72.532,1.6,10.0,0.734,1.8,22.1,0.08299999999999999,14.1,4.2,80.1,78.1,27.6,32.2,18.3,37.5,9.5,28.0,13.6,14.5,1.025,9.2,27.7,33.274,16.1,30.2,53.11,18.3,24.5,75.80600000000001,1.9,10.1,0.724,2.5,21.5,0.11000000000000001,14.5,3.6,88.5
92,87,2016-02-23,9,2,2015-2016,Pinheiros,Macaé Basquete,83.7,24.0,40.8,18.9,38.0,12.0,26.0,16.0,14.5,1.158,8.0,21.7,37.498000000000005,20.4,43.6,47.232,18.9,24.0,79.16600000000001,1.5,12.1,0.876,2.6,21.1,0.13599999999999998,14.5,2.4,95.9,74.9,21.3,34.0,19.6,36.1,10.2,25.9,14.7,14.4,1.074,7.1,23.0,31.455999999999996,17.0,38.0,45.206999999999994,19.6,24.2,81.248,0.9,9.4,0.7,1.8,22.3,0.076,14.4,3.0,81.0
70,82,2016-02-23,9,2,2015-2016,Coop/São José Basketball,Sesi Franca,72.2,23.1,35.2,13.9,29.7,7.2,22.5,14.6,14.2,1.222,7.7,23.6,32.745999999999995,17.6,35.0,50.5,13.9,18.1,76.05,0.4,9.4,0.734,1.8,21.5,0.08600000000000001,14.2,3.1,76.0,76.8,22.5,39.2,15.1,33.1,9.0,24.1,14.4,14.9,0.968,7.5,21.2,35.793,19.6,38.4,51.154,15.1,20.6,73.45200000000001,2.0,9.1,0.661,2.9,20.7,0.13999999999999999,14.9,3.6,83.4
76,82,2016-02-24,9,2,2015-2016,Minas,Paulistano,74.8,16.5,43.4,14.9,37.9,11.9,26.0,14.4,16.0,0.967,5.5,17.0,32.92,21.7,43.0,51.056,14.9,21.2,69.58700000000002,1.6,8.9,0.603,2.2,21.6,0.10400000000000001,16.0,3.7,83.0,78.5,26.1,39.6,12.8,38.0,10.1,27.9,17.0,14.8,1.2469999999999999,8.7,23.1,37.964999999999996,19.8,37.8,53.071000000000005,12.8,16.3,76.15299999999999,2.2,9.3,0.65,1.6,18.9,0.088,14.8,2.8,93.7
64,67,2016-02-24,9,2,2015-2016,Fortaleza B. C. / CFO,Rio Claro,77.4,27.6,31.8,18.0,37.6,9.9,27.7,13.8,13.4,1.097,9.2,28.2,32.607,15.9,30.6,51.918000000000006,18.0,24.4,74.282,2.0,9.9,0.7589999999999999,2.7,21.4,0.122,13.4,3.5,87.9,71.9,23.7,37.4,10.8,34.6,8.7,25.9,16.0,14.5,1.1660000000000001,7.9,23.9,32.561,18.7,35.4,52.288,10.8,16.2,66.44699999999999,1.7,9.8,0.7100000000000001,2.2,22.0,0.10300000000000001,14.5,3.3,81.9
60,62,2016-02-25,10,2,2015-2016,Coop/São José Basketball,Bauru Basket,71.2,22.8,33.8,14.6,30.9,7.8,23.1,14.2,14.1,1.2040000000000002,7.6,24.2,31.635,16.9,34.6,48.94199999999999,14.6,18.1,79.38300000000001,0.4,9.1,0.721,1.8,21.7,0.085,14.1,3.1,75.3,85.6,32.7,35.8,17.1,37.3,10.2,27.1,15.6,14.4,1.236,10.9,26.9,40.757,17.9,33.7,53.10600000000001,17.1,22.4,76.452,0.8,9.9,0.6900000000000002,2.2,18.0,0.121,14.4,3.0,99.1
93,78,2016-02-25,10,2,2015-2016,Mogi,Sesi Franca,82.9,24.3,41.6,17.0,34.4,10.6,23.8,16.2,12.8,1.4489999999999998,8.1,24.9,32.888,20.8,37.8,55.565999999999995,17.0,24.1,72.67,1.7,12.1,1.146,2.3,20.1,0.11599999999999999,12.8,2.6,94.2,76.2,22.5,38.4,15.3,33.5,9.6,23.9,14.6,15.4,0.9549999999999998,7.5,21.2,35.793,19.2,38.8,49.651,15.3,20.8,73.73,2.0,9.0,0.6480000000000001,3.1,20.8,0.151,15.4,3.4,82.2
81,66,2016-02-25,10,2,2015-2016,Caxias do Sul Basquete,Macaé Basquete,74.2,30.0,32.4,11.8,32.4,9.2,23.2,15.2,13.6,1.161,10.0,28.4,36.28,16.2,32.8,49.005,11.8,16.4,72.365,1.4,9.6,0.733,1.6,21.9,0.07499999999999998,13.6,3.9,79.8,73.6,21.3,32.8,19.5,35.3,9.4,25.9,14.5,14.2,1.073,7.1,23.1,31.339,16.4,36.9,45.129999999999995,19.5,24.8,78.40700000000001,1.0,8.9,0.6749999999999999,1.7,22.6,0.06999999999999999,14.2,2.9,78.0
57,70,2016-02-26,10,2,2015-2016,Minas,L. Sorocabana,72.8,15.9,43.0,13.9,37.4,11.5,25.9,13.8,16.4,0.921,5.3,17.1,31.162,21.5,42.7,50.928,13.9,20.5,66.676,1.4,8.5,0.5700000000000001,2.7,22.1,0.127,16.4,4.2,79.1,68.8,19.5,37.2,12.1,34.6,12.1,22.5,13.1,15.8,0.8629999999999999,6.5,22.9,27.702000000000005,18.6,38.2,49.016,12.1,18.8,61.48499999999999,2.1,11.4,0.7420000000000001,2.4,21.5,0.11599999999999999,15.8,3.6,71.8
67,79,2016-02-26,10,2,2015-2016,Vitória,Rio Claro,70.8,16.8,38.2,15.8,35.8,12.5,23.3,12.1,16.2,0.813,5.6,20.2,27.714,19.1,43.2,44.899,15.8,21.9,72.15899999999999,1.3,13.3,0.883,1.8,20.9,0.08600000000000001,16.2,2.9,72.7,71.4,24.6,35.8,11.0,35.2,9.1,26.1,15.2,15.1,1.042,8.2,24.5,32.756,17.9,34.1,51.878,11.0,16.7,65.61800000000001,1.7,9.5,0.654,1.8,22.3,0.084,15.1,3.4,79.8
85,79,2016-02-27,9,2,2015-2016,Mogi,Bauru Basket,83.2,25.2,41.0,17.0,35.2,10.7,24.5,16.4,12.5,1.508,8.4,25.4,33.26899999999999,20.5,37.3,55.361000000000004,17.0,24.1,72.67,1.5,11.4,1.113,2.5,19.5,0.13,12.5,2.6,95.3,85.5,33.0,35.8,16.7,37.6,10.1,27.5,16.2,13.8,1.302,11.0,27.6,40.076,17.9,32.9,54.299000000000014,16.7,22.6,73.816,0.8,9.8,0.7020000000000001,2.0,18.7,0.10800000000000001,13.8,3.2,99.8
71,64,2016-03-03,7,2,2015-2016,Mogi,Minas,82.6,23.7,41.8,17.1,36.4,10.9,25.5,15.9,12.7,1.371,7.9,24.4,32.102,20.9,38.0,55.45,17.1,24.4,71.91299999999998,1.8,10.7,0.9629999999999999,2.6,19.5,0.136,12.7,2.7,94.6,73.3,16.2,43.6,13.5,37.6,10.6,27.0,14.3,16.4,0.9630000000000001,5.4,17.1,31.717999999999996,21.8,42.1,52.081999999999994,13.5,19.9,66.866,1.7,7.5,0.48600000000000004,2.4,22.1,0.11200000000000002,16.4,4.4,80.2
96,94,2016-03-03,11,2,2015-2016,Vitória,Bauru Basket,74.4,17.7,40.8,15.9,35.8,12.1,23.7,12.6,16.4,0.8310000000000001,5.9,20.8,28.130999999999993,20.4,43.8,47.056,15.9,21.6,73.806,1.3,12.9,0.8480000000000001,2.0,21.6,0.093,16.4,3.2,77.2,85.9,31.8,36.4,17.7,37.0,9.8,27.2,15.8,13.7,1.286,10.6,28.1,38.088,18.2,33.2,54.85600000000001,17.7,23.7,73.848,0.8,10.1,0.7190000000000001,2.0,18.8,0.10700000000000001,13.7,3.4,98.6
75,81,2016-03-04,10,2,2015-2016,Pinheiros,Flamengo,83.8,24.6,41.6,17.6,38.3,12.0,26.3,16.2,14.7,1.161,8.2,21.7,38.45100000000001,20.8,44.8,46.72099999999999,17.6,22.4,77.85600000000001,1.3,11.9,0.8579999999999999,2.6,20.6,0.137,14.7,2.8,95.8,82.6,23.7,44.8,14.1,37.3,10.0,27.3,18.3,12.7,1.508,7.9,20.7,38.831,22.4,41.1,54.611000000000004,14.1,18.9,72.40300000000002,1.9,10.8,0.8779999999999999,3.1,17.3,0.187,12.7,1.8,103.1
78,75,2016-03-05,8,2,2015-2016,Mogi,Brasília,82.2,23.1,42.2,16.9,37.1,11.5,25.6,15.6,12.1,1.404,7.7,25.4,30.636000000000003,21.1,38.3,55.513999999999996,16.9,24.5,69.489,1.7,11.1,1.0420000000000003,2.3,19.7,0.11800000000000002,12.1,2.6,93.7,84.5,31.2,39.8,13.5,36.1,10.3,25.8,18.0,14.8,1.5560000000000003,10.4,27.2,37.98799999999999,19.9,37.0,53.748000000000005,13.5,17.2,78.76,1.2,9.4,0.714,1.9,22.9,0.084,14.8,2.5,97.5
80,97,2016-03-06,9,2,2015-2016,Caxias do Sul Basquete,Flamengo,74.3,30.0,33.2,11.1,32.8,9.0,23.8,15.9,13.7,1.203,10.0,29.1,34.971,16.6,33.4,49.299,11.1,15.2,73.299,1.7,9.7,0.7350000000000001,1.6,22.4,0.07499999999999998,13.7,4.2,80.6,84.4,22.8,46.4,15.2,37.8,10.4,27.4,18.2,12.6,1.512,7.6,20.6,37.785000000000004,23.2,42.3,55.015,15.2,19.6,74.53299999999999,1.9,11.4,0.9219999999999999,2.9,17.4,0.174,12.6,2.0,105.6
99,71,2016-03-09,11,2,2015-2016,Fortaleza B. C. / CFO,Sesi Franca,78.3,28.8,32.8,16.7,37.9,10.4,27.5,14.5,13.5,1.1480000000000001,9.6,29.0,32.819,16.4,31.3,52.266000000000005,16.7,22.5,75.19600000000001,2.1,10.5,0.807,3.0,21.5,0.13699999999999998,13.5,3.6,90.6,76.5,22.8,38.4,15.3,33.7,9.6,24.1,14.8,16.0,0.9309999999999998,7.6,20.6,36.842,19.2,38.8,49.650999999999996,15.3,20.6,74.412,1.7,8.1,0.54,3.3,20.6,0.16499999999999998,16.0,3.7,82.5
77,99,2016-03-09,11,2,2015-2016,Macaé Basquete,Brasília,74.7,22.2,32.4,20.1,35.1,9.0,26.1,15.4,14.6,1.112,7.4,23.5,32.25600000000001,16.2,35.8,46.052,20.1,25.3,79.102,0.9,8.7,0.653,1.5,21.2,0.06600000000000002,14.6,2.9,79.9,86.3,32.1,40.2,14.0,36.5,10.7,25.8,18.6,13.9,1.682,10.7,27.4,38.75699999999999,20.1,37.7,53.319,14.0,17.6,79.95,1.4,9.8,0.8160000000000001,1.9,23.2,0.08199999999999999,13.9,2.2,101.3
74,75,2016-03-09,11,2,2015-2016,Rio Claro,Caxias do Sul Basquete,73.2,27.3,34.0,11.9,35.8,9.6,26.2,14.9,15.9,0.992,9.1,25.0,36.156,17.0,32.7,51.090999999999994,11.9,17.9,65.951,1.5,9.1,0.609,1.4,22.9,0.061999999999999986,15.9,3.5,80.9,75.1,30.6,32.8,11.7,32.5,9.2,23.3,15.6,13.9,1.172,10.2,28.7,36.533,16.4,33.7,48.238,11.7,15.3,75.65100000000001,1.6,10.2,0.759,1.6,22.8,0.07499999999999998,13.9,3.8,81.7
89,77,2016-03-09,11,2,2015-2016,Paulistano,Coop/São José Basketball,79.0,26.7,38.4,13.9,38.0,10.9,27.1,16.1,14.3,1.2290000000000003,8.9,23.6,38.094,19.2,37.3,52.35699999999999,13.9,17.1,78.815,1.9,8.8,0.637,1.6,18.7,0.089,14.3,2.5,93.2,70.2,22.5,34.6,13.1,30.0,7.8,22.2,13.9,14.0,1.191,7.5,24.0,31.506,17.3,34.3,50.438,13.1,16.7,77.241,0.2,8.8,0.7020000000000001,1.7,21.9,0.08,14.0,3.2,73.5
60,74,2016-03-11,12,2,2015-2016,Macaé Basquete,Minas,73.4,21.3,32.2,19.9,34.6,8.6,26.0,15.1,14.5,1.093,7.1,23.4,31.194,16.1,35.3,46.266,19.9,25.3,78.23300000000002,1.1,8.3,0.617,1.5,21.2,0.06600000000000002,14.5,2.6,77.5,73.7,16.5,43.2,14.0,38.8,11.0,27.8,14.0,16.2,0.952,5.5,17.5,31.717999999999996,21.6,41.8,52.017999999999994,14.0,20.7,66.44900000000001,1.6,7.4,0.487,2.6,22.4,0.119,16.2,4.2,81.3
72,78,2016-03-11,12,2,2015-2016,Vitória,Sesi Franca,73.5,19.2,38.2,16.1,34.5,11.7,22.8,12.4,16.0,0.8379999999999999,6.4,21.9,28.761000000000003,19.1,42.6,45.136,16.1,21.3,76.007,1.3,13.1,0.873,2.1,22.0,0.097,16.0,3.4,75.3,76.6,21.9,38.6,16.1,34.2,9.6,24.6,13.9,16.2,0.8700000000000001,7.3,20.2,36.092,19.3,38.8,49.928999999999995,16.1,21.6,74.325,1.3,8.2,0.542,2.9,20.3,0.149,16.2,4.1,81.7
78,66,2016-03-11,12,2,2015-2016,L. Sorocabana,Coop/São José Basketball,70.1,20.4,37.6,12.1,34.1,12.2,21.9,13.3,15.2,0.924,6.8,23.8,28.097,18.8,38.0,49.718999999999994,12.1,18.6,62.467000000000006,2.1,11.4,0.779,2.7,22.2,0.125,15.2,3.3,73.7,68.7,21.0,33.6,14.1,31.0,8.4,22.6,13.3,14.6,1.094,7.0,23.5,29.907,16.8,34.0,49.533,14.1,18.1,77.369,0.2,8.9,0.677,1.6,21.8,0.076,14.6,3.5,71.2
76,77,2016-03-12,12,2,2015-2016,Rio Claro,Pinheiros,73.5,28.8,33.0,11.7,36.3,10.0,26.3,15.0,15.4,1.025,9.6,25.8,37.224000000000004,16.5,33.2,49.160000000000004,11.7,17.7,65.678,1.8,8.8,0.61,1.4,22.8,0.06200000000000001,15.4,3.5,80.7,83.2,23.4,41.6,18.2,38.9,11.7,27.2,16.2,15.2,1.13,7.8,21.3,37.037,20.8,44.6,46.912,18.2,23.8,75.48100000000001,1.2,11.9,0.8320000000000001,2.6,20.6,0.13699999999999998,15.2,3.2,94.7
