placar_casa,placar_visitante,data,round,stage,ano,equipe_casa,equipe_visitante,Pts_casa,3P_casa,2P_casa,LL_casa,RT_casa,RO_casa,RD_casa,AS_casa,ER_casa,IA%_casa,3PC_casa,3PT_casa,3P%_casa,2PC_casa,2PT_casa,2P%_casa,LLC_casa,LLT_casa,LL%_casa,EN_casa,BR_casa,B/E_casa,TO_casa,FC_casa,T/FC_casa,ET_casa,VI_casa,EF_casa,Pts_visitante,3P_visitante,2P_visitante,LL_visitante,RT_visitante,RO_visitante,RD_visitante,AS_visitante,ER_visitante,IA%_visitante,3PC_visitante,3PT_visitante,3P%_visitante,2PC_visitante,2PT_visitante,2P%_visitante,LLC_visitante,LLT_visitante,LL%_visitante,EN_visitante,BR_visitante,B/E_visitante,TO_visitante,FC_visitante,T/FC_visitante,ET_visitante,VI_visitante,EF_visitante
82,64,2016-12-01,8,1,2016-2017,Bauru Basket,Caxias do Sul Basquete,80.8,29.4,37.6,13.8,39.9,9.6,30.3,16.1,15.1,1.1159999999999999,9.8,29.6,33.471,18.8,33.7,55.552,13.8,18.6,74.777,1.1,5.7,0.403,1.2,18.9,0.064,15.1,4.0,89.1,71.1,20.4,35.2,15.5,32.6,8.4,24.2,12.9,12.9,1.0230000000000001,6.8,21.8,30.994000000000007,17.6,39.3,45.287,15.5,22.3,71.19200000000001,1.0,6.9,0.516,1.6,21.0,0.079,12.9,3.8,68.7
81,74,2016-12-01,7,1,2016-2017,Flamengo,L. Sorocabana,88.5,23.4,44.8,20.3,39.5,10.6,28.9,16.7,10.7,1.7510000000000001,7.8,24.3,30.987000000000002,22.4,42.3,53.32000000000001,20.3,26.4,76.659,1.0,8.3,0.898,2.1,22.1,0.095,10.7,2.8,101.9,74.5,22.8,39.4,12.3,35.1,12.2,22.9,15.1,15.8,1.034,7.6,23.3,32.105,19.7,40.6,47.959999999999994,12.3,16.8,75.43499999999999,1.8,8.5,0.609,1.6,23.6,0.074,15.8,4.5,77.9
67,71,2016-12-01,8,1,2016-2017,Sesi Franca,R10 Score Vasco da Gama,76.1,21.9,38.2,16.0,31.8,7.8,24.0,15.8,13.8,1.2259999999999998,7.3,22.1,32.63199999999999,19.1,36.0,53.24399999999999,16.0,21.0,74.61800000000001,1.8,7.4,0.579,2.7,20.9,0.12900000000000003,13.8,3.4,83.3,74.0,24.0,36.0,14.0,32.75,8.875,23.875,15.875,13.625,1.18,8.0,23.375,32.6575,18.0,35.75,50.883750000000006,14.0,18.5,75.04624999999999,1.5,6.75,0.50375,1.375,17.5,0.08625000000000001,13.625,3.875,79.5
88,94,2016-12-02,8,1,2016-2017,Minas,Pinheiros,75.4,18.9,43.2,13.3,37.2,11.2,26.0,15.1,16.3,0.942,6.3,22.2,28.95,21.6,41.2,52.443000000000005,13.3,19.7,67.808,1.9,8.1,0.5130000000000001,1.7,22.5,0.07900000000000001,16.3,5.4,79.3,86.6,25.2,43.4,18.0,38.9,12.3,26.6,17.0,12.3,1.4329999999999998,8.4,27.0,31.183000000000003,21.7,40.7,53.059000000000005,18.0,23.2,78.956,2.2,8.6,0.706,1.9,21.3,0.09400000000000001,12.3,3.7,97.9
73,89,2016-12-02,8,1,2016-2017,VipTech CMB,Fortaleza B. C. / CFO,75.0,27.857142857142858,32.0,15.142857142857142,37.0,11.142857142857142,25.857142857142858,14.714285714285714,14.571428571428571,1.0842857142857143,9.285714285714286,29.0,31.65285714285714,16.0,33.42857142857143,48.16571428571429,15.142857142857142,19.857142857142858,76.19714285714285,1.1428571428571428,5.857142857142857,0.4114285714285715,2.7142857142857144,21.571428571428573,0.1285714285714286,14.571428571428571,3.2857142857142856,78.85714285714286,73.9,25.8,36.2,11.9,38.1,11.9,26.2,13.8,12.5,1.1729999999999998,8.6,26.5,32.427,18.1,38.1,47.362,11.9,17.6,67.55600000000001,1.3,8.3,0.725,2.2,19.5,0.11599999999999999,12.5,2.0,80.2
81,72,2016-12-03,8,1,2016-2017,Flamengo,Paulistano,88.3,24.9,44.2,19.2,40.1,10.3,29.8,17.0,10.6,1.782,8.3,25.2,31.78,22.1,42.0,52.975,19.2,25.3,75.065,1.1,7.9,0.8709999999999999,2.2,21.1,0.10900000000000001,10.6,2.9,102.0,82.3,26.1,40.0,16.2,35.8,11.7,24.1,16.4,12.9,1.4229999999999996,8.7,26.4,32.192,20.0,39.3,51.337,16.2,19.3,83.423,2.1,7.8,0.693,1.6,19.2,0.092,12.9,2.8,90.9
68,66,2016-12-03,8,1,2016-2017,Macaé Basquete,L. Sorocabana,73.7,25.2,34.8,13.7,32.8,11.6,21.2,14.8,13.3,1.184,8.4,25.1,33.081,17.4,38.2,45.891999999999996,13.7,18.4,74.75199999999998,1.1,7.0,0.57,1.2,21.7,0.063,13.3,3.1,74.0,74.0,22.8,39.4,11.8,35.7,12.4,23.3,14.6,15.6,1.012,7.6,23.6,31.71,19.7,39.9,49.222,11.8,15.7,77.46,1.4,8.1,0.592,1.4,23.2,0.066,15.6,4.5,78.1
81,77,2016-12-06,1,1,2016-2017,Mogi,L. Sorocabana,82.5,27.0,39.2,16.3,35.0,10.5,24.5,17.4,12.3,1.519,9.0,23.4,37.82099999999999,19.6,38.7,51.093999999999994,16.3,21.3,76.28999999999999,1.8,10.2,0.9,2.2,22.1,0.09600000000000002,12.3,2.2,96.5,72.8,22.8,38.2,11.8,36.2,12.7,23.5,14.1,16.3,0.8909999999999998,7.6,23.7,31.572000000000003,19.1,39.3,48.504999999999995,11.8,15.5,78.096,1.6,7.6,0.471,1.7,22.7,0.08,16.3,4.9,76.1
74,92,2016-12-07,1,1,2016-2017,VipTech CMB,Paulistano,74.875,27.75,32.25,14.875,36.125,10.875,25.25,14.625,14.375,1.08375,9.25,28.5,32.19625,16.125,33.25,48.78625,14.875,19.75,75.225,1.0,5.875,0.41750000000000004,2.625,21.25,0.12625,14.375,3.25,78.5,81.6,26.1,40.6,14.9,36.6,12.7,23.9,16.8,12.8,1.4739999999999998,8.7,27.5,30.82,20.3,39.8,51.373000000000005,14.9,17.6,83.82500000000002,2.1,7.8,0.699,1.5,19.2,0.08700000000000001,12.8,2.8,90.5
85,66,2016-12-10,13,1,2016-2017,Flamengo,Macaé Basquete,88.8,25.8,44.0,19.0,39.4,9.4,30.0,17.7,11.2,1.7830000000000001,8.6,24.9,33.385000000000005,22.0,40.6,54.225,19.0,24.6,76.20700000000001,1.0,7.7,0.787,2.2,20.2,0.11399999999999999,11.2,2.6,104.1,74.3,24.6,36.2,13.5,33.3,11.7,21.6,15.3,14.5,1.134,8.2,24.1,33.348,18.1,39.3,46.525999999999996,13.5,17.7,76.54499999999999,0.9,7.2,0.5349999999999999,1.2,22.0,0.06300000000000001,14.5,3.5,75.5
92,75,2016-12-10,7,1,2016-2017,Mogi,Fortaleza B. C. / CFO,82.2,29.7,36.2,16.3,34.2,9.9,24.3,18.4,12.4,1.5670000000000002,9.9,24.6,39.071000000000005,18.1,36.8,50.07899999999999,16.3,21.2,77.059,1.7,10.4,0.9090000000000001,2.1,20.9,0.1,12.4,2.3,96.6,75.0,27.3,37.0,10.7,37.9,12.1,25.8,13.5,12.9,1.119,9.1,28.0,32.559,18.5,38.5,48.05,10.7,15.7,67.116,1.2,8.6,0.728,1.8,19.0,0.094,12.9,2.0,80.0
80,63,2016-12-12,9,1,2016-2017,Pinheiros,L. Sorocabana,85.4,21.9,46.2,17.3,39.0,12.5,26.5,17.7,12.8,1.4449999999999998,7.3,25.6,28.697000000000003,23.1,41.9,54.96,17.3,22.1,79.565,2.9,8.3,0.6609999999999999,2.2,20.6,0.12200000000000003,12.8,3.9,97.9,70.9,23.1,36.6,11.2,36.5,13.0,23.5,13.7,16.0,0.884,7.7,24.3,31.294,18.3,39.0,47.029,11.2,14.3,78.808,1.3,7.2,0.462,1.6,22.0,0.076,16.0,5.0,73.5
72,66,2016-12-13,9,1,2016-2017,Minas,VipTech CMB,75.9,20.1,42.6,13.2,37.5,11.6,25.9,15.7,16.0,0.9949999999999999,6.7,22.6,30.081,21.3,40.8,52.16600000000001,13.2,19.2,70.14099999999999,1.8,7.8,0.502,1.5,22.2,0.07199999999999998,16.0,4.6,81.0,73.88888888888889,27.333333333333332,31.77777777777778,14.777777777777779,35.666666666666664,10.777777777777779,24.88888888888889,14.777777777777779,14.222222222222221,1.1,9.11111111111111,28.333333333333332,31.91111111111111,15.88888888888889,32.77777777777778,48.730000000000004,14.777777777777779,20.555555555555557,72.62777777777778,1.0,6.111111111111111,0.44000000000000006,3.0,20.77777777777778,0.15111111111111108,14.222222222222221,3.3333333333333335,77.33333333333333
86,75,2016-12-13,9,1,2016-2017,Brasília,Mogi,84.8,29.4,41.8,13.6,36.4,9.0,27.4,21.1,12.7,1.7799999999999998,9.8,24.7,38.646,20.9,38.3,54.495000000000005,13.6,17.8,75.645,1.5,4.9,0.398,2.2,18.0,0.124,12.7,3.0,100.2,81.1,29.1,37.0,15.0,33.7,9.7,24.0,17.9,12.5,1.498,9.7,25.2,37.483000000000004,18.5,36.6,51.215999999999994,15.0,19.3,78.473,1.5,9.9,0.8480000000000001,2.1,20.4,0.10299999999999998,12.5,2.4,94.3
77,92,2016-12-14,10,1,2016-2017,Pinheiros,Paulistano,84.5,19.5,47.8,17.2,38.5,12.3,26.2,17.9,13.0,1.4449999999999998,6.5,24.5,27.007000000000005,23.9,42.8,55.762,17.2,22.6,76.28,3.2,8.6,0.67,2.2,21.6,0.11400000000000002,13.0,3.9,96.4,82.0,27.0,39.4,15.6,37.7,13.5,24.2,16.9,13.7,1.3960000000000001,9.0,26.6,33.583,19.7,40.2,49.440999999999995,15.6,18.8,82.62,2.1,8.3,0.677,1.6,18.4,0.093,13.7,3.0,91.5
80,104,2016-12-14,9,1,2016-2017,Caxias do Sul Basquete,Flamengo,71.8,19.2,36.4,16.2,31.3,7.7,23.6,13.0,13.5,0.9950000000000001,6.4,20.8,30.518,18.2,39.8,46.201,16.2,22.5,73.172,1.1,6.9,0.49300000000000005,1.7,21.2,0.08299999999999999,13.5,3.6,68.9,90.3,27.3,44.0,19.0,39.9,9.9,30.0,18.3,12.2,1.6910000000000003,9.1,25.1,34.970000000000006,22.0,40.3,54.75,19.0,24.4,76.784,1.0,8.0,0.7409999999999999,1.7,20.0,0.093,12.2,2.7,106.3
84,104,2016-12-15,10,1,2016-2017,Minas,Mogi,77.6,21.9,42.6,13.1,37.4,11.8,25.6,16.9,15.9,1.0790000000000002,7.3,23.8,31.201999999999998,21.3,40.1,53.025999999999996,13.1,18.9,70.691,1.9,7.5,0.48600000000000004,1.3,22.3,0.061,15.9,4.7,83.7,84.4,31.5,38.4,14.5,33.0,9.0,24.0,20.1,12.1,1.7090000000000003,10.5,26.3,38.57000000000001,19.2,35.8,54.748000000000005,14.5,18.3,79.266,1.4,9.8,0.8619999999999999,2.3,20.2,0.11299999999999999,12.1,2.2,101.3
76,78,2016-12-15,10,1,2016-2017,Brasília,VipTech CMB,84.4,29.1,41.4,13.9,37.4,9.2,28.2,21.5,14.1,1.6619999999999997,9.7,23.9,39.056,20.7,38.1,54.3,13.9,18.4,74.79499999999999,1.4,4.9,0.366,2.6,18.0,0.145,14.1,3.3,100.6,74.3,27.3,32.6,14.4,35.7,11.1,24.6,14.9,13.7,1.168,9.1,28.2,32.053,16.3,34.1,48.205000000000005,14.4,20.3,71.476,0.9,6.6,0.518,3.2,20.4,0.16499999999999998,13.7,3.2,78.2
95,81,2016-12-15,9,1,2016-2017,Fortaleza B. C. / CFO,Sesi Franca,76.9,27.0,38.6,11.3,37.3,12.1,25.2,12.8,13.0,1.0230000000000001,9.0,27.5,32.795,19.3,39.2,49.137,11.3,16.5,67.54499999999999,1.2,9.1,0.775,1.6,19.0,0.085,13.0,2.1,81.1,78.0,22.8,39.6,15.6,31.9,8.0,23.9,15.9,14.5,1.1889999999999998,7.6,22.3,33.81,19.8,35.9,55.309000000000005,15.6,20.5,74.35000000000001,1.8,7.0,0.5210000000000001,2.5,21.6,0.11500000000000002,14.5,3.5,85.1
84,90,2016-12-15,9,1,2016-2017,Vitória,Bauru Basket,72.8,20.4,38.8,13.6,37.6,10.4,27.2,16.0,13.9,1.2360000000000002,6.8,22.7,30.082,19.4,39.5,49.563,13.6,18.9,72.958,1.3,6.8,0.5109999999999999,1.6,20.9,0.079,13.9,3.4,79.5,81.4,32.1,35.4,13.9,39.7,9.1,30.6,16.5,15.6,1.096,10.7,29.7,36.309999999999995,17.7,33.4,52.784000000000006,13.9,18.6,75.231,0.9,5.9,0.40499999999999997,1.1,18.4,0.059,15.6,4.1,89.6
87,83,2016-12-16,10,1,2016-2017,Caxias do Sul Basquete,Macaé Basquete,72.5,18.6,37.8,16.1,32.3,8.1,24.2,14.4,13.7,1.077,6.2,20.1,30.542,18.9,40.8,46.413,16.1,22.3,73.338,1.0,6.0,0.421,2.0,20.5,0.09799999999999999,13.7,3.6,71.5,74.7,23.7,38.0,13.0,33.2,12.0,21.2,15.7,13.7,1.2389999999999999,7.9,24.1,32.148,19.0,41.0,46.698,13.0,17.2,76.002,0.7,7.1,0.5569999999999999,1.0,22.7,0.05299999999999999,13.7,3.5,75.6
73,79,2016-12-17,10,1,2016-2017,Fortaleza B. C. / CFO,Bauru Basket,77.9,28.5,38.4,11.0,37.4,12.3,25.1,13.7,12.7,1.131,9.5,28.6,33.346000000000004,19.2,39.6,48.41199999999999,11.0,15.9,69.152,1.0,9.0,0.7809999999999999,1.8,18.5,0.097,12.7,2.3,82.7,79.9,32.7,33.4,13.8,39.8,8.8,31.0,15.9,15.3,1.082,10.9,29.3,37.374,16.7,33.2,49.736999999999995,13.8,18.9,73.319,0.9,5.4,0.38,1.1,18.2,0.06000000000000001,15.3,4.4,86.8
77,86,2016-12-17,10,1,2016-2017,Vitória,Sesi Franca,73.3,21.0,38.6,13.7,35.2,9.0,26.2,16.4,14.0,1.2590000000000001,7.0,21.9,31.796000000000003,19.3,39.2,49.704,13.7,19.1,72.80699999999999,1.2,6.8,0.507,1.6,21.0,0.079,14.0,3.3,79.1,77.8,23.4,38.4,16.0,32.7,8.6,24.1,15.2,14.9,1.0959999999999999,7.8,22.8,33.81,19.2,35.5,54.38199999999999,16.0,21.3,73.691,1.6,6.6,0.46799999999999997,1.8,21.5,0.088,14.9,3.7,82.6
76,78,2016-12-19,11,1,2016-2017,Pinheiros,VipTech CMB,84.6,19.5,48.0,17.1,39.2,13.0,26.2,18.0,13.5,1.402,6.5,24.3,27.185000000000002,24.0,42.3,56.742999999999995,17.1,23.1,74.17999999999999,3.0,8.2,0.623,2.6,21.2,0.139,13.5,3.6,97.0,74.8,27.9,34.2,12.7,36.8,11.5,25.3,15.2,12.9,1.247,9.3,29.0,32.077,17.1,35.4,48.538000000000004,12.7,18.5,69.0,0.9,7.0,0.5800000000000001,3.1,20.4,0.161,12.9,2.6,80.2
59,67,2016-12-20,11,1,2016-2017,Macaé Basquete,Vitória,73.5,22.5,38.0,13.0,32.7,11.9,20.8,15.9,14.0,1.2289999999999999,7.5,23.1,31.756,19.0,41.7,45.844,13.0,17.0,77.02699999999999,0.7,6.5,0.502,1.1,23.5,0.05,14.0,3.7,73.4,73.3,20.4,38.4,14.5,36.1,9.4,26.7,15.8,14.0,1.216,6.8,22.2,30.525,19.2,38.7,50.053,14.5,19.9,74.47399999999999,1.2,6.8,0.507,1.7,20.8,0.086,14.0,4.0,79.4
88,94,2016-12-20,11,1,2016-2017,Flamengo,Fortaleza B. C. / CFO,91.0,26.7,44.4,19.9,41.0,10.1,30.9,19.1,12.6,1.7109999999999999,8.9,25.9,33.315000000000005,22.2,40.0,55.63399999999999,19.9,25.7,76.678,1.3,7.3,0.663,1.5,19.7,0.085,12.6,3.0,106.7,79.3,29.4,39.8,10.1,39.2,12.8,26.4,13.7,13.1,1.0690000000000002,9.8,28.4,34.608000000000004,19.9,41.8,47.416999999999994,10.1,14.1,69.909,1.2,8.2,0.6649999999999999,2.0,19.2,0.10300000000000002,13.1,2.7,84.8
82,49,2016-12-20,11,1,2016-2017,Paulistano,Caxias do Sul Basquete,82.4,29.4,37.8,15.2,38.9,14.0,24.9,18.6,13.4,1.512,9.8,28.0,35.112,18.9,39.5,48.34599999999999,15.2,18.8,80.26700000000001,2.2,8.1,0.674,1.8,18.4,0.10300000000000001,13.4,2.5,94.0,71.1,16.5,38.4,16.2,32.0,8.0,24.0,13.9,14.1,1.032,5.5,19.3,27.360000000000003,19.2,40.9,47.035000000000004,16.2,22.7,71.58000000000001,1.1,6.1,0.418,1.8,20.1,0.09,14.1,3.4,68.8
75,86,2016-12-20,11,1,2016-2017,Bauru Basket,Minas,80.8,34.2,33.4,13.2,38.6,8.6,30.0,17.3,15.3,1.182,11.4,28.7,39.874,16.7,33.4,49.404,13.2,18.3,72.624,1.0,5.8,0.409,1.4,17.6,0.07700000000000001,15.3,4.6,89.5,79.6,24.6,42.0,13.0,36.3,11.6,24.7,17.1,15.7,1.1090000000000002,8.2,24.7,33.646,21.0,38.6,54.011,13.0,18.3,71.941,1.9,7.4,0.48699999999999993,1.2,21.5,0.061,15.7,4.9,86.5
77,70,2016-12-20,11,1,2016-2017,Sesi Franca,Brasília,79.1,23.4,40.2,15.5,34.4,9.4,25.0,15.6,13.6,1.1990000000000003,7.8,22.5,34.332,20.1,37.8,54.14899999999999,15.5,20.9,72.73100000000001,1.6,6.2,0.5090000000000001,2.1,21.6,0.10200000000000001,13.6,3.4,86.0,83.5,30.3,39.4,13.8,37.9,10.0,27.9,21.2,14.2,1.6219999999999999,10.1,24.7,39.778,19.7,37.5,52.67999999999999,13.8,18.2,75.152,1.4,4.6,0.3350000000000001,2.8,18.3,0.15299999999999997,14.2,3.5,99.0
74,70,2016-12-20,11,1,2016-2017,L. Sorocabana,R10 Score Vasco da Gama,71.8,24.9,35.6,11.3,35.4,12.9,22.5,14.2,16.3,0.8979999999999999,8.3,25.3,32.900999999999996,17.8,37.9,47.103,11.3,14.1,80.266,1.2,7.9,0.493,1.4,23.2,0.05900000000000001,16.3,5.4,74.5,73.55555555555556,23.0,36.0,14.555555555555555,32.333333333333336,8.555555555555555,23.77777777777778,15.222222222222221,14.666666666666666,1.0966666666666667,7.666666666666667,22.77777777777778,32.11555555555555,18.0,35.111111111111114,51.896666666666675,14.555555555555555,19.11111111111111,75.50444444444443,1.3333333333333333,7.0,0.4911111111111111,1.5555555555555556,17.555555555555557,0.09555555555555556,14.666666666666666,4.444444444444445,78.22222222222223
74,67,2016-12-21,12,1,2016-2017,Pinheiros,Mogi,84.0,19.2,48.4,16.4,39.2,13.0,26.2,17.7,13.7,1.364,6.4,24.4,26.651999999999997,24.2,43.0,56.41000000000001,16.4,21.7,75.638,2.9,8.7,0.6519999999999999,3.0,21.7,0.152,13.7,2.9,96.8,82.8,32.4,36.4,14.0,33.8,9.7,24.1,19.9,12.7,1.6619999999999997,10.8,27.5,38.034000000000006,18.2,35.3,52.677,14.0,17.7,78.982,1.2,9.9,0.8430000000000002,2.0,19.8,0.10200000000000001,12.7,2.2,98.2
64,53,2016-12-22,12,1,2016-2017,Macaé Basquete,Fortaleza B. C. / CFO,73.7,22.8,38.4,12.5,33.7,11.8,21.9,16.2,12.7,1.344,7.6,23.6,31.591,19.2,41.7,46.613,12.5,16.1,77.95199999999998,0.6,6.6,0.546,1.2,22.7,0.05900000000000001,12.7,3.5,76.6,77.2,28.2,39.8,9.2,38.5,12.1,26.4,13.5,12.9,1.066,9.4,28.2,33.357,19.9,41.1,48.132,9.2,13.6,66.67600000000002,1.2,8.4,0.691,1.8,18.5,0.095,12.9,1.8,82.1
62,79,2016-12-22,12,1,2016-2017,Bauru Basket,Brasília,77.3,32.4,32.2,12.7,37.5,8.4,29.1,16.2,14.1,1.193,10.8,27.9,38.7,16.1,32.7,48.724000000000004,12.7,17.0,74.55300000000001,0.9,5.9,0.4459999999999999,1.2,16.7,0.072,14.1,4.2,86.0,82.3,29.4,39.2,13.7,38.4,10.0,28.4,19.9,14.2,1.503,9.8,24.6,38.690999999999995,19.6,37.1,52.92999999999999,13.7,17.9,75.824,0.9,4.7,0.34400000000000003,2.5,18.2,0.13999999999999999,14.2,3.3,97.1
83,70,2016-12-22,12,1,2016-2017,L. Sorocabana,Caxias do Sul Basquete,72.3,25.2,35.8,11.3,35.1,12.9,22.2,14.6,15.6,0.952,8.4,25.1,33.81,17.9,38.2,47.011,11.3,14.6,78.751,1.4,7.9,0.507,1.7,23.2,0.07,15.6,5.4,75.7,69.9,15.9,37.8,16.2,32.1,8.8,23.3,13.4,15.2,0.9400000000000002,5.3,19.0,26.881999999999998,18.9,40.6,46.652,16.2,22.3,72.61100000000002,1.2,6.4,0.409,1.9,20.5,0.094,15.2,3.4,67.0
75,74,2016-12-22,12,1,2016-2017,Sesi Franca,Minas,78.2,22.8,39.6,15.8,34.8,9.7,25.1,15.8,13.7,1.205,7.6,21.0,35.241,19.8,37.7,53.4,15.8,22.4,70.439,1.6,6.5,0.533,2.1,21.5,0.10200000000000001,13.7,3.4,85.8,78.7,26.1,39.0,13.6,35.7,11.3,24.4,16.7,15.8,1.0750000000000002,8.7,24.8,36.190000000000005,19.5,37.0,52.516999999999996,13.6,19.3,71.364,1.5,6.7,0.43899999999999995,1.6,22.9,0.071,15.8,4.3,84.3
98,87,2016-12-22,12,1,2016-2017,Flamengo,Vitória,90.8,25.5,44.6,20.7,40.5,10.1,30.4,19.7,13.0,1.591,8.5,25.5,32.444,22.3,39.7,56.275,20.7,27.2,75.52199999999999,1.2,7.2,0.5630000000000001,1.3,19.4,0.077,13.0,3.4,105.6,76.2,21.3,39.8,15.1,35.7,9.2,26.5,16.7,14.2,1.2650000000000001,7.1,22.0,31.933999999999997,19.9,38.7,51.575,15.1,20.3,75.89099999999999,1.4,6.2,0.454,1.4,21.4,0.071,14.2,4.1,83.1
94,60,2016-12-27,24,1,2016-2017,Flamengo,Caxias do Sul Basquete,90.2,26.4,44.2,19.6,39.6,9.5,30.1,20.7,13.1,1.657,8.8,24.7,34.661,22.1,38.6,56.964999999999996,19.6,26.1,74.86799999999998,1.1,7.4,0.575,1.7,18.6,0.10200000000000001,13.1,3.4,107.6,67.9,13.8,38.8,15.3,32.3,8.9,23.4,13.6,15.7,0.9200000000000002,4.6,18.0,24.724999999999998,19.4,41.6,46.68399999999999,15.3,21.0,73.785,1.2,7.0,0.437,2.0,20.5,0.099,15.7,3.7,65.8
83,86,2017-01-03,12,1,2016-2017,Paulistano,R10 Score Vasco da Gama,85.2,32.1,37.0,16.1,38.1,14.2,23.9,18.4,12.3,1.549,10.7,29.8,36.766000000000005,18.5,38.4,48.473,16.1,20.4,78.08,1.9,8.0,0.68,1.8,19.7,0.097,12.3,2.4,95.9,74.8,23.1,36.0,15.7,32.9,8.8,24.1,15.0,14.7,1.0739999999999998,7.7,22.6,32.714,18.0,35.2,51.70700000000001,15.7,20.2,76.62099999999998,1.2,6.7,0.469,1.4,18.5,0.08600000000000001,14.7,4.4,79.5
95,94,2017-01-06,13,1,2016-2017,VipTech CMB,Mogi,75.2,27.9,34.6,12.7,37.5,11.9,25.6,14.8,12.8,1.223,9.3,29.3,31.621999999999996,17.3,36.1,48.13600000000001,12.7,18.7,68.059,1.0,7.4,0.628,3.4,19.4,0.186,12.8,2.7,80.7,83.1,35.4,35.0,12.7,33.3,8.6,24.7,20.8,13.4,1.6320000000000001,11.8,28.6,40.55,17.5,33.2,53.937,12.7,16.3,77.836,1.3,10.0,0.7930000000000001,1.8,19.1,0.09500000000000001,13.4,2.4,99.5
89,69,2017-01-07,13,1,2016-2017,Bauru Basket,Sesi Franca,77.8,32.4,32.4,13.0,38.0,9.0,29.0,17.2,13.4,1.3820000000000001,10.8,28.1,38.45,16.2,33.4,47.965999999999994,13.0,17.5,74.252,0.9,6.0,0.48600000000000004,1.1,17.0,0.06500000000000002,13.4,3.3,87.7,76.5,23.1,38.4,15.0,35.1,9.8,25.3,15.6,13.5,1.2040000000000002,7.7,22.0,34.678,19.2,37.1,52.678,15.0,21.8,69.237,1.5,6.2,0.5189999999999999,1.5,21.4,0.07,13.5,3.2,82.4
78,73,2017-01-07,13,1,2016-2017,Caxias do Sul Basquete,R10 Score Vasco da Gama,68.8,13.8,38.8,16.2,31.5,8.5,23.0,14.1,15.9,0.9359999999999999,4.6,18.4,24.084,19.4,39.9,48.854,16.2,22.1,74.22599999999998,1.4,6.9,0.42000000000000004,2.0,21.0,0.098,15.9,3.8,67.2,73.6,21.0,36.6,16.0,32.0,8.2,23.8,14.8,14.8,1.053,7.0,22.0,30.862000000000002,18.3,34.4,53.81,16.0,20.1,78.08299999999998,1.1,6.2,0.43400000000000005,1.4,18.5,0.08600000000000001,14.8,3.9,78.0
71,92,2017-01-07,13,1,2016-2017,L. Sorocabana,Paulistano,70.7,24.9,34.2,11.6,33.1,11.0,22.1,13.9,15.9,0.8949999999999999,8.3,24.9,33.81,17.1,35.9,48.019,11.6,15.2,77.251,1.4,7.9,0.502,2.0,22.3,0.093,15.9,5.7,72.7,85.4,32.4,36.4,16.6,37.2,13.6,23.6,17.8,12.4,1.475,10.8,30.1,36.705,18.2,36.9,49.587,16.6,20.7,80.08,1.9,7.3,0.604,1.6,20.0,0.087,12.4,2.5,94.8
92,79,2017-01-07,13,1,2016-2017,Brasília,Minas,82.0,28.2,39.6,14.2,38.4,9.7,28.7,19.9,14.1,1.513,9.4,24.3,37.796,19.8,37.2,53.30799999999999,14.2,18.7,74.99100000000001,1.2,5.2,0.38100000000000006,2.1,18.0,0.11799999999999997,14.1,3.1,96.7,78.3,28.2,37.4,12.7,34.3,10.3,24.0,17.1,15.9,1.0930000000000002,9.4,24.9,38.416000000000004,18.7,35.9,52.089,12.7,18.4,69.864,1.8,6.9,0.449,1.5,22.0,0.068,15.9,4.5,83.8
77,82,2017-01-07,13,1,2016-2017,Fortaleza B. C. / CFO,Vitória,77.1,28.8,38.2,10.1,39.2,12.6,26.6,12.9,12.5,1.057,9.6,28.8,33.144999999999996,19.1,40.3,46.870000000000005,10.1,14.8,66.615,1.1,8.0,0.6839999999999999,2.0,18.7,0.10300000000000002,12.5,1.7,81.6,76.5,21.0,40.2,15.3,35.7,9.7,26.0,17.1,14.3,1.284,7.0,21.7,31.981999999999992,20.1,38.8,51.924,15.3,20.4,76.40799999999999,1.6,6.1,0.442,1.6,22.1,0.07899999999999999,14.3,3.7,84.2
86,78,2017-01-10,14,1,2016-2017,Minas,Macaé Basquete,79.8,29.7,36.6,13.5,34.6,10.8,23.8,17.5,15.3,1.1520000000000001,9.9,25.8,39.011,18.3,35.3,51.907999999999994,13.5,18.8,72.42699999999999,2.1,6.9,0.46099999999999997,1.8,22.4,0.082,15.3,4.5,87.1,73.9,22.5,38.2,13.2,33.9,12.2,21.7,17.6,13.1,1.4150000000000003,7.5,22.8,32.662,19.1,41.9,46.102,13.2,17.1,76.952,0.7,6.3,0.513,1.5,22.9,0.07300000000000001,13.1,3.2,78.1
89,66,2017-01-10,14,1,2016-2017,Mogi,Bauru Basket,84.5,35.4,36.2,12.9,34.0,8.2,25.8,22.1,13.3,1.759,11.8,29.4,39.459,18.1,32.8,56.312,12.9,16.7,77.331,1.6,9.6,0.7650000000000001,1.8,19.2,0.09400000000000001,13.3,2.3,102.6,77.8,32.1,33.0,12.7,37.3,8.5,28.8,17.0,12.5,1.4140000000000001,10.7,29.5,36.902,16.5,32.6,51.104,12.7,17.9,70.134,0.9,6.2,0.521,1.0,17.6,0.05700000000000001,12.5,3.3,86.7
81,83,2017-01-10,14,1,2016-2017,VipTech CMB,Sesi Franca,75.5,28.8,34.4,12.3,36.6,11.8,24.8,14.3,12.5,1.209,9.6,28.8,33.375,17.2,37.3,46.289,12.3,18.5,66.96000000000001,0.8,7.3,0.6370000000000001,3.7,19.3,0.20099999999999998,12.5,3.1,79.4,78.2,24.9,39.0,14.3,37.1,10.2,26.9,16.4,13.9,1.229,8.3,23.0,36.029,19.5,37.5,52.955999999999996,14.3,21.3,67.907,1.4,6.3,0.5189999999999999,1.5,21.8,0.06799999999999999,13.9,3.4,85.9
93,99,2017-01-11,14,1,2016-2017,Caxias do Sul Basquete,Pinheiros,71.2,15.3,40.0,15.9,30.2,8.3,21.9,14.7,15.8,1.001,5.1,18.2,27.016,20.0,40.6,49.49499999999999,15.9,21.7,74.143,1.5,7.4,0.46699999999999997,1.7,22.0,0.08400000000000002,15.8,3.6,69.9,84.7,19.2,49.2,16.3,38.3,12.1,26.2,18.0,13.7,1.3850000000000002,6.4,23.1,27.935000000000002,24.6,43.2,57.077,16.3,21.5,75.769,3.0,8.5,0.638,3.0,21.0,0.154,13.7,2.9,98.3
74,76,2017-01-11,14,1,2016-2017,Fortaleza B. C. / CFO,Paulistano,77.3,30.9,35.6,10.8,40.4,12.5,27.9,12.8,12.5,1.0470000000000002,10.3,29.2,35.487,17.8,39.3,44.870000000000005,10.8,15.7,68.28200000000001,1.1,7.4,0.624,2.0,18.8,0.10200000000000001,12.5,1.8,82.1,85.7,34.2,34.8,16.7,37.4,12.8,24.6,18.8,12.3,1.6170000000000002,11.4,30.6,38.134,17.4,35.6,49.07,16.7,20.8,80.226,1.7,6.8,0.554,1.7,19.9,0.093,12.3,2.6,96.6
74,69,2017-01-11,14,1,2016-2017,Vitória,L. Sorocabana,75.1,19.2,38.0,17.9,35.7,9.4,26.3,16.2,15.3,1.129,6.4,20.8,30.692,19.0,37.6,50.24400000000001,17.9,23.4,76.761,1.4,6.2,0.41200000000000003,1.5,21.9,0.074,15.3,4.0,80.9,70.6,24.3,34.2,12.1,33.2,11.2,22.0,14.4,16.8,0.875,8.1,24.9,33.096,17.1,35.8,48.141,12.1,15.8,76.967,1.5,8.7,0.526,2.1,23.2,0.096,16.8,6.1,73.0
60,89,2017-01-12,15,1,2016-2017,Minas,Flamengo,78.4,29.7,35.6,13.1,35.3,11.0,24.3,17.7,15.6,1.1480000000000001,9.9,26.5,38.400999999999996,17.8,35.3,50.479,13.1,18.4,71.7,2.1,6.8,0.43899999999999995,2.2,21.9,0.10600000000000001,15.6,4.4,85.4,90.6,26.7,45.2,18.7,40.6,10.2,30.4,20.6,13.4,1.6239999999999999,8.9,24.9,34.806000000000004,22.6,39.7,56.686,18.7,25.1,74.63,1.2,8.0,0.608,2.1,17.6,0.13399999999999998,13.4,3.3,109.0
74,72,2017-01-12,15,1,2016-2017,Brasília,Macaé Basquete,81.7,28.5,39.2,14.0,39.2,10.2,29.0,20.0,14.5,1.466,9.5,24.0,38.687,19.6,37.9,51.693999999999996,14.0,18.6,74.174,1.2,5.5,0.391,2.5,18.0,0.143,14.5,3.5,97.0,73.2,22.5,37.8,12.9,33.9,11.9,22.0,17.8,12.8,1.455,7.5,22.9,32.547999999999995,18.9,41.1,46.56999999999999,12.9,16.4,79.119,0.7,5.4,0.461,1.6,22.0,0.08,12.8,3.0,78.0
82,63,2017-01-12,15,1,2016-2017,Mogi,Sesi Franca,84.1,34.2,36.0,13.9,34.0,8.3,25.7,21.8,13.9,1.643,11.4,29.4,38.029999999999994,18.0,32.2,56.833000000000006,13.9,17.9,78.91799999999998,1.5,8.9,0.643,1.8,20.0,0.09100000000000001,13.9,2.3,100.5,76.9,24.0,38.4,14.5,37.1,10.7,26.4,16.1,14.5,1.19,8.0,22.9,34.817,19.2,38.5,50.156000000000006,14.5,21.2,69.27500000000002,1.3,6.6,0.5239999999999999,1.3,21.8,0.05900000000000001,14.5,3.2,82.6
62,82,2017-01-12,15,1,2016-2017,VipTech CMB,Bauru Basket,74.8,29.1,34.2,11.5,36.2,11.7,24.5,14.4,12.4,1.221,9.7,28.5,34.157,17.1,37.3,46.051,11.5,17.5,66.18100000000001,0.8,7.5,0.6520000000000001,3.6,19.1,0.197,12.4,3.0,79.1,77.6,31.5,32.8,13.3,38.2,9.1,29.1,16.7,12.6,1.3820000000000001,10.5,30.0,35.25599999999999,16.4,32.5,50.961999999999996,13.3,18.4,71.29299999999999,0.9,6.2,0.516,1.4,17.4,0.08600000000000001,12.6,3.1,86.8
72,70,2017-01-13,15,1,2016-2017,R10 Score Vasco da Gama,Pinheiros,73.6,21.6,35.4,16.6,32.2,7.8,24.4,14.9,14.7,1.077,7.2,22.6,30.991999999999997,17.7,33.0,53.93299999999999,16.6,20.6,79.361,1.1,6.2,0.442,1.6,19.4,0.094,14.7,3.7,79.1,82.9,18.6,48.2,16.1,38.7,12.3,26.4,17.6,13.8,1.3489999999999998,6.2,22.7,27.459000000000003,24.1,42.3,57.051,16.1,21.6,74.71400000000001,2.6,8.4,0.6279999999999999,3.3,20.0,0.173,13.8,2.8,96.9
86,85,2017-01-13,15,1,2016-2017,Fortaleza B. C. / CFO,L. Sorocabana,79.0,30.3,36.8,11.9,40.4,12.6,27.8,13.5,12.8,1.075,10.1,28.4,35.487,18.4,39.9,45.43,11.9,17.4,68.43199999999999,1.5,7.2,0.596,2.2,19.5,0.10700000000000001,12.8,1.9,84.2,72.8,25.8,34.4,12.6,33.4,11.7,21.7,14.5,16.8,0.8809999999999999,8.6,25.5,34.191,17.2,36.0,48.167,12.6,16.4,77.341,1.4,8.7,0.526,2.2,23.3,0.1,16.8,6.2,75.3
85,73,2017-01-13,15,1,2016-2017,Vitória,Paulistano,76.0,20.1,38.2,17.7,36.4,9.6,26.8,16.8,14.6,1.2100000000000002,6.7,20.5,32.962,19.1,38.7,49.034000000000006,17.7,23.4,75.428,1.2,6.3,0.43599999999999994,1.4,21.3,0.06999999999999999,14.6,3.8,83.2,85.6,34.5,35.2,15.9,36.9,12.4,24.5,18.8,12.0,1.672,11.5,31.4,37.861,17.6,35.1,50.284,15.9,20.0,79.46400000000001,1.9,6.9,0.587,1.6,20.0,0.08600000000000001,12.0,2.4,96.3
95,83,2017-01-14,14,1,2016-2017,Brasília,Flamengo,83.1,28.2,42.4,12.5,38.4,9.8,28.6,21.0,13.5,1.8530000000000002,9.4,24.2,37.974000000000004,21.2,39.2,53.634,12.5,17.1,70.278,1.4,5.3,0.44400000000000006,2.5,18.3,0.14200000000000002,13.5,3.4,99.4,89.3,27.9,43.6,17.8,40.8,10.9,29.9,21.0,13.4,1.655,9.3,25.3,36.422000000000004,21.8,39.8,54.782000000000004,17.8,23.4,76.088,1.0,7.3,0.554,2.0,16.5,0.129,13.4,3.4,107.4
58,69,2017-01-16,9,1,2016-2017,Macaé Basquete,R10 Score Vasco da Gama,70.0,22.8,35.2,12.0,33.7,11.6,22.1,16.7,13.0,1.365,7.6,23.1,32.723,17.6,39.2,45.468999999999994,12.0,15.5,78.762,0.7,5.7,0.47800000000000004,1.8,21.0,0.092,13.0,2.8,74.3,72.4,21.9,35.4,15.1,31.8,7.5,24.3,15.2,14.6,1.1179999999999999,7.3,22.3,31.933,17.7,33.4,53.382000000000005,15.1,18.7,80.74,1.1,6.8,0.507,1.6,19.4,0.094,14.6,3.7,78.9
57,83,2017-01-17,6,1,2016-2017,Mogi,Flamengo,81.1,30.9,36.2,14.0,33.8,8.6,25.2,19.9,14.0,1.4629999999999996,10.3,29.6,34.14799999999999,18.1,32.5,56.722,14.0,18.3,77.886,1.3,9.0,0.646,1.7,19.6,0.08700000000000002,14.0,2.4,93.5,88.6,27.0,44.0,17.6,39.9,10.1,29.8,21.6,13.2,1.7260000000000002,9.0,24.8,36.178000000000004,22.0,39.0,56.739,17.6,23.2,75.67800000000001,1.1,6.9,0.532,2.3,17.0,0.139,13.2,3.3,107.7
69,75,2017-01-19,5,1,2016-2017,Mogi,Macaé Basquete,81.0,30.9,35.8,14.3,34.8,8.5,26.3,20.1,14.1,1.47,10.3,29.8,33.93399999999999,17.9,32.3,56.373000000000005,14.3,18.9,76.838,1.1,8.7,0.617,1.8,19.7,0.09300000000000001,14.1,2.6,93.8,70.7,24.0,35.4,11.3,33.5,10.9,22.6,16.9,13.7,1.3150000000000002,8.0,23.5,33.715999999999994,17.7,38.2,46.66,11.3,14.1,81.12899999999999,0.5,5.4,0.43500000000000005,1.9,21.1,0.096,13.7,3.0,75.9
85,76,2017-01-19,17,1,2016-2017,R10 Score Vasco da Gama,Brasília,71.5,19.8,36.0,15.7,31.9,8.2,23.7,14.6,13.5,1.164,6.6,22.1,29.577000000000005,18.0,34.6,52.214,15.7,19.5,80.48400000000001,1.0,6.9,0.5509999999999999,1.7,19.7,0.099,13.5,3.3,77.2,81.7,24.9,43.8,13.0,38.1,9.9,28.2,20.6,13.8,1.7720000000000002,8.3,23.1,34.739,21.9,40.0,54.277,13.0,17.3,72.36100000000002,1.4,5.4,0.43900000000000006,2.5,19.0,0.14,13.8,3.2,97.3
80,83,2017-01-21,17,1,2016-2017,Flamengo,Sesi Franca,88.5,27.0,44.2,17.3,40.7,10.9,29.8,21.2,13.4,1.6510000000000002,9.0,25.3,35.629,22.1,39.4,56.489,17.3,23.6,74.01100000000001,1.0,7.1,0.5399999999999999,2.5,18.3,0.142,13.4,3.1,106.7,76.9,22.2,39.6,15.1,38.3,11.1,27.2,15.5,13.8,1.2429999999999999,7.4,23.0,32.424,19.8,39.0,51.01700000000001,15.1,22.1,69.219,1.1,6.7,0.5660000000000001,1.2,22.5,0.054000000000000006,13.8,3.2,83.0
75,72,2017-01-22,8,1,2016-2017,Mogi,Vitória,80.4,32.1,34.4,13.9,34.4,8.7,25.7,19.9,13.5,1.5150000000000001,10.7,30.2,34.9,17.2,32.7,52.861000000000004,13.9,18.8,75.59200000000001,0.9,8.9,0.659,1.4,19.7,0.07400000000000002,13.5,2.6,91.6,76.2,20.7,36.8,18.7,35.5,9.0,26.5,16.6,15.7,1.123,6.9,20.2,34.353,18.4,37.4,48.973,18.7,23.7,78.664,1.3,6.2,0.409,1.4,21.5,0.06899999999999999,15.7,3.7,82.9
75,78,2017-01-23,16,1,2016-2017,Macaé Basquete,Sesi Franca,69.8,21.0,36.6,12.2,34.2,10.6,23.6,17.0,14.2,1.262,7.0,22.0,31.397,18.3,38.4,47.910999999999994,12.2,15.4,80.679,0.4,5.4,0.40700000000000003,2.1,21.3,0.10400000000000001,14.2,2.8,76.0,76.2,22.5,37.2,16.5,36.2,10.4,25.8,14.7,13.8,1.185,7.5,23.0,32.824,18.6,37.1,50.62,16.5,24.3,68.61299999999999,1.2,6.7,0.566,1.2,22.5,0.054000000000000006,13.8,3.2,79.4
63,72,2017-01-24,16,1,2016-2017,Flamengo,Bauru Basket,86.7,24.3,45.0,17.4,40.4,11.4,29.0,20.9,13.7,1.607,8.1,24.2,32.947,22.5,40.4,56.19,17.4,24.2,72.34400000000001,1.0,7.8,0.58,2.7,19.1,0.143,13.7,2.6,104.0,77.9,32.1,33.2,12.6,39.3,9.7,29.6,17.1,12.6,1.407,10.7,30.1,35.933,16.6,33.4,50.182,12.6,18.7,67.45700000000001,0.9,7.1,0.5719999999999998,1.7,17.6,0.10200000000000001,12.6,2.8,88.2
78,85,2017-01-25,16,1,2016-2017,Paulistano,VipTech CMB,83.6,33.9,34.4,15.3,37.6,12.7,24.9,18.9,12.3,1.636,11.3,31.8,36.62,17.2,35.2,49.117,15.3,19.4,78.99199999999999,1.6,6.5,0.5389999999999999,1.9,20.1,0.101,12.3,2.3,93.6,76.2,28.2,36.0,12.0,36.0,11.7,24.3,14.1,12.2,1.2150000000000003,9.4,28.0,33.629000000000005,18.0,38.6,46.887,12.0,18.0,66.602,1.0,7.8,0.68,3.4,19.0,0.18900000000000003,12.2,2.9,80.1
60,90,2017-01-25,16,1,2016-2017,L. Sorocabana,Mogi,72.2,25.2,34.0,13.0,33.8,11.8,22.0,14.0,17.0,0.8249999999999998,8.4,25.5,33.421,17.0,35.1,48.914,13.0,17.7,75.474,1.6,8.2,0.479,1.9,23.8,0.087,17.0,6.5,73.2,80.2,30.3,35.6,14.3,34.6,9.0,25.6,19.1,12.9,1.535,10.1,28.9,35.117000000000004,17.8,33.9,52.638,14.3,20.1,71.992,1.0,8.2,0.628,1.1,20.3,0.05600000000000001,12.9,3.0,89.6
74,77,2017-01-25,16,1,2016-2017,Fortaleza B. C. / CFO,Pinheiros,79.0,29.4,37.0,12.6,39.8,12.4,27.4,13.4,11.6,1.166,9.8,28.5,34.269999999999996,18.5,40.0,45.581,12.6,18.2,69.128,1.3,7.2,0.647,1.8,19.4,0.09000000000000001,11.6,1.8,83.8,82.2,18.3,47.4,16.5,38.5,11.4,27.1,16.8,14.3,1.209,6.1,22.3,27.542,23.7,41.0,57.908,16.5,22.4,73.867,2.7,8.2,0.59,3.3,19.8,0.173,14.3,2.8,95.3
67,87,2017-01-26,17,1,2016-2017,Macaé Basquete,Bauru Basket,69.7,19.8,37.6,12.3,34.3,10.0,24.3,16.8,14.6,1.2150000000000003,6.6,21.1,30.731,18.8,39.0,48.4,12.3,15.4,81.44899999999998,0.4,5.2,0.376,2.4,21.1,0.121,14.6,3.3,76.0,78.4,33.6,31.8,13.0,38.4,10.2,28.2,17.7,12.6,1.4620000000000002,11.2,31.0,36.272999999999996,15.9,32.5,49.567,13.0,19.0,68.95,0.7,7.3,0.5900000000000001,1.6,17.4,0.097,12.6,2.8,88.4
76,81,2017-01-26,16,1,2016-2017,Caxias do Sul Basquete,Brasília,72.3,16.5,39.4,16.4,30.0,8.1,21.9,14.9,15.1,1.0579999999999998,5.5,18.6,28.159,19.7,39.7,49.761,16.4,22.3,74.61999999999999,1.8,6.6,0.44800000000000006,1.5,22.5,0.07,15.1,2.9,71.2,82.5,27.0,43.0,12.5,38.4,10.3,28.1,20.7,13.3,1.8079999999999998,9.0,24.3,36.443,21.5,39.9,53.330999999999996,12.5,16.9,71.50400000000002,1.4,5.6,0.4620000000000001,2.3,20.0,0.126,13.3,2.4,98.1
75,87,2017-01-26,16,1,2016-2017,R10 Score Vasco da Gama,Minas,71.9,18.6,36.2,17.1,31.7,8.5,23.2,14.9,14.0,1.151,6.2,21.6,28.6,18.1,34.4,52.976,17.1,21.3,80.98400000000001,0.9,7.1,0.5529999999999999,1.4,20.7,0.07400000000000001,14.0,3.1,77.1,80.2,29.7,36.6,13.9,35.1,11.4,23.7,17.8,15.3,1.169,9.9,26.5,38.400999999999996,18.3,36.2,50.57,13.9,18.8,73.757,2.2,6.9,0.45499999999999996,2.1,22.9,0.1,15.3,3.5,87.4
77,78,2017-01-27,17,1,2016-2017,Paulistano,Mogi,81.7,33.9,33.6,14.2,37.2,12.5,24.7,18.9,12.0,1.67,11.3,32.6,35.724999999999994,16.8,34.9,48.311,14.2,18.5,77.325,1.5,6.7,0.565,1.9,20.5,0.1,12.0,2.4,90.7,80.5,31.8,34.0,14.7,35.2,9.0,26.2,19.5,13.7,1.504,10.6,29.7,36.038,17.0,32.0,53.724000000000004,14.7,21.3,68.90100000000001,1.3,8.3,0.611,1.1,20.8,0.05299999999999999,13.7,3.5,90.2
64,74,2017-01-27,17,1,2016-2017,L. Sorocabana,VipTech CMB,71.2,22.2,36.2,12.8,33.0,11.7,21.3,14.0,17.4,0.807,7.4,23.8,31.649,18.1,35.6,51.370000000000005,12.8,17.6,74.38300000000001,1.7,8.1,0.46900000000000014,1.7,23.5,0.08,17.4,6.5,71.9,76.6,27.6,36.4,12.6,35.3,11.6,23.7,14.3,11.7,1.2600000000000002,9.2,27.4,33.597,18.2,38.8,47.2,12.6,18.7,67.06800000000001,1.1,8.3,0.736,3.3,18.8,0.18400000000000002,11.7,3.2,81.2
67,72,2017-01-27,17,1,2016-2017,Vitória,Pinheiros,75.9,21.9,36.0,18.0,35.7,9.3,26.4,16.7,14.5,1.241,7.3,21.5,34.611999999999995,18.0,38.1,46.851,18.0,22.9,78.221,1.2,5.9,0.42400000000000004,1.4,22.0,0.06699999999999999,14.5,3.6,81.9,79.9,16.5,46.6,16.8,39.2,11.6,27.6,16.5,13.7,1.26,5.5,21.3,25.937,23.3,41.7,56.242000000000004,16.8,23.4,71.867,2.6,7.7,0.584,3.5,20.1,0.18200000000000002,13.7,2.6,92.3
78,77,2017-01-28,10,1,2016-2017,R10 Score Vasco da Gama,Flamengo,73.7,19.5,37.6,16.6,32.7,8.6,24.1,14.8,13.6,1.225,6.5,21.3,30.127999999999997,18.8,35.8,53.081999999999994,16.6,20.9,79.672,0.7,7.2,0.594,1.5,21.1,0.077,13.6,3.2,80.2,85.9,24.0,45.2,16.7,40.8,11.4,29.4,20.9,13.4,1.638,8.0,24.5,32.111000000000004,22.6,40.0,57.19,16.7,23.7,71.164,1.2,6.8,0.51,2.6,19.2,0.138,13.4,2.9,102.7
66,52,2017-01-28,17,1,2016-2017,Caxias do Sul Basquete,Minas,72.3,17.4,39.0,15.9,31.3,8.8,22.5,15.4,15.4,1.0689999999999997,5.8,19.7,28.306,19.5,38.9,50.199,15.9,21.6,74.255,2.0,7.2,0.47700000000000004,2.0,22.5,0.098,15.4,2.8,73.8,76.8,28.5,35.2,13.1,35.4,10.8,24.6,17.4,16.0,1.1170000000000002,9.5,25.8,37.790000000000006,17.6,36.2,48.511,13.1,17.5,76.03,2.0,7.6,0.4779999999999999,2.4,22.1,0.11400000000000002,16.0,3.8,84.3
97,90,2017-01-31,18,1,2016-2017,Pinheiros,Macaé Basquete,81.6,18.9,44.8,17.9,39.4,11.8,27.6,16.9,14.4,1.197,6.3,21.9,28.246,22.4,40.5,55.531000000000006,17.9,25.1,71.502,2.1,7.5,0.527,3.4,21.3,0.17300000000000001,14.4,2.7,93.5,72.1,20.7,37.8,13.6,33.7,9.2,24.5,17.2,14.6,1.2349999999999999,6.9,20.8,33.897,18.9,38.6,49.052,13.6,17.3,80.41300000000001,0.4,5.0,0.366,2.5,21.7,0.12300000000000003,14.6,3.6,78.6
78,68,2017-01-31,18,1,2016-2017,Bauru Basket,Paulistano,78.0,32.4,31.0,14.6,37.9,9.3,28.6,16.6,12.9,1.352,10.8,29.9,35.904999999999994,15.5,31.9,49.452000000000005,14.6,20.9,70.6,0.7,7.0,0.5589999999999999,1.6,17.2,0.098,12.9,2.7,86.4,81.3,31.5,34.4,15.4,37.4,13.3,24.1,18.6,12.0,1.6400000000000001,10.5,32.6,32.965999999999994,17.2,35.3,48.896,15.4,19.8,78.68200000000002,1.3,7.1,0.605,1.8,21.9,0.08600000000000001,12.0,2.5,89.6
90,68,2017-01-31,18,1,2016-2017,Sesi Franca,L. Sorocabana,78.5,23.7,36.6,18.2,36.7,10.7,26.0,15.5,14.4,1.1829999999999998,7.9,23.4,34.281000000000006,18.3,36.0,51.266000000000005,18.2,26.1,70.142,1.1,6.4,0.502,1.0,22.6,0.044,14.4,3.2,82.6,71.4,23.1,35.4,12.9,32.3,11.3,21.0,14.5,17.2,0.85,7.7,23.6,33.662,17.7,36.1,49.273999999999994,12.9,17.9,73.38300000000001,2.0,8.2,0.4820000000000001,1.8,24.2,0.082,17.2,6.6,71.7
62,66,2017-02-01,18,1,2016-2017,Minas,Fortaleza B. C. / CFO,74.2,27.3,33.8,13.1,36.3,11.1,25.2,16.9,16.6,1.051,9.1,26.3,35.81699999999999,16.9,35.5,47.501,13.1,16.9,78.507,1.9,7.6,0.461,2.6,21.9,0.123,16.6,3.9,81.4,76.7,27.6,36.0,13.1,39.6,12.3,27.3,13.4,12.0,1.135,9.2,28.0,32.67,18.0,39.9,44.327,13.1,19.0,68.658,1.3,7.7,0.671,1.9,20.2,0.089,12.0,2.1,80.7
70,78,2017-02-01,18,1,2016-2017,Brasília,Vitória,79.9,25.8,42.4,11.7,38.7,11.0,27.7,19.1,13.8,1.693,8.6,25.0,33.637,21.2,39.7,52.733000000000004,11.7,16.1,71.041,1.3,6.0,0.47400000000000003,2.2,20.5,0.11800000000000002,13.8,2.4,92.8,77.3,22.2,36.4,18.7,35.7,9.1,26.6,16.8,14.7,1.2349999999999999,7.4,22.4,33.528999999999996,18.2,37.3,48.539,18.7,23.3,80.166,1.3,6.2,0.43600000000000005,1.6,22.1,0.07699999999999999,14.7,3.3,84.2
77,84,2017-02-02,19,1,2016-2017,Pinheiros,Flamengo,79.9,17.7,45.4,16.8,39.0,11.0,28.0,16.8,14.4,1.19,5.9,21.3,27.082,22.7,41.2,55.30800000000001,16.8,23.9,70.39099999999999,1.9,7.8,0.55,3.3,21.1,0.16999999999999998,14.4,2.9,91.4,83.9,23.1,44.4,16.4,41.9,11.5,30.4,20.7,13.3,1.634,7.7,24.8,30.593,22.2,40.6,55.21900000000001,16.4,23.5,70.482,1.1,6.1,0.472,2.9,19.0,0.153,13.3,2.8,99.6
73,64,2017-02-02,18,1,2016-2017,Mogi,Caxias do Sul Basquete,77.4,29.7,33.2,14.5,36.8,10.3,26.5,17.6,13.4,1.3900000000000001,9.9,28.7,35.205,16.6,33.6,50.217,14.5,21.5,67.179,1.3,8.0,0.6060000000000001,0.9,20.6,0.044,13.4,3.5,84.5,72.3,18.3,38.6,15.4,32.8,9.4,23.4,15.9,15.8,1.0779999999999998,6.1,20.6,28.409000000000002,19.3,38.3,50.422000000000004,15.4,21.5,71.645,2.1,7.4,0.48100000000000004,2.3,22.9,0.11000000000000001,15.8,3.0,75.3
87,55,2017-02-02,19,1,2016-2017,Bauru Basket,L. Sorocabana,77.7,31.2,31.8,14.7,38.3,10.0,28.3,16.5,12.8,1.354,10.4,29.7,34.859,15.9,31.8,50.883,14.7,21.5,69.30199999999999,0.8,7.2,0.574,1.8,17.2,0.11099999999999999,12.8,2.6,86.7,69.2,22.2,34.4,12.6,32.3,11.2,21.1,14.2,17.7,0.818,7.4,23.4,32.7,17.2,35.7,48.385,12.6,17.8,72.172,1.8,8.0,0.45500000000000007,1.6,24.4,0.07200000000000001,17.7,6.7,67.9
78,71,2017-02-02,19,1,2016-2017,Sesi Franca,Paulistano,78.2,23.7,35.8,18.7,37.1,11.1,26.0,15.5,13.5,1.255,7.9,23.9,33.548,17.9,35.8,50.46500000000001,18.7,26.8,70.224,1.2,6.2,0.5130000000000001,1.0,22.2,0.045000000000000005,13.5,2.8,82.5,79.2,28.8,34.6,15.8,36.6,12.6,24.0,17.0,12.2,1.484,9.6,31.2,31.027000000000005,17.3,35.2,49.300000000000004,15.8,20.4,78.127,1.3,7.0,0.587,2.1,22.2,0.099,12.2,2.5,85.6
78,82,2017-02-03,19,1,2016-2017,Minas,Vitória,74.8,27.0,34.6,13.2,34.5,10.3,24.2,17.6,16.6,1.1009999999999998,9.0,26.5,35.269999999999996,17.3,35.0,49.222,13.2,18.0,74.269,1.9,8.2,0.504,2.8,22.0,0.131,16.6,4.1,81.3,77.1,20.7,37.6,18.8,35.5,8.6,26.9,17.7,15.5,1.2280000000000002,6.9,20.9,33.862,18.8,37.2,50.045,18.8,23.7,78.309,1.5,6.5,0.43,1.5,21.9,0.07199999999999998,15.5,3.7,85.5
88,52,2017-02-03,19,1,2016-2017,Brasília,Fortaleza B. C. / CFO,80.1,24.3,42.8,13.0,39.5,10.9,28.6,20.1,14.5,1.669,8.1,24.0,33.303999999999995,21.4,39.4,53.78699999999999,13.0,18.0,70.276,1.4,6.7,0.5069999999999999,2.0,20.4,0.10600000000000002,14.5,2.6,95.0,74.4,25.2,36.0,13.2,38.5,11.8,26.7,13.5,12.0,1.1420000000000001,8.4,26.3,31.575,18.0,40.5,43.724,13.2,19.7,66.51500000000001,1.4,7.8,0.6769999999999999,2.1,21.2,0.098,12.0,2.4,77.4
80,73,2017-02-04,19,1,2016-2017,Mogi,R10 Score Vasco da Gama,78.7,31.8,32.8,14.1,36.2,10.0,26.2,18.8,13.2,1.4729999999999999,10.6,29.3,36.697,16.4,32.7,50.634,14.1,21.0,66.889,1.3,7.9,0.6060000000000001,0.9,20.6,0.044,13.2,3.6,87.4,75.2,20.4,38.2,16.6,33.1,8.8,24.3,15.4,14.2,1.225,6.8,21.1,32.008,19.1,35.9,53.757000000000005,16.6,20.6,81.40299999999999,0.6,7.7,0.61,1.8,21.5,0.092,14.2,3.5,83.9
83,74,2017-02-04,19,1,2016-2017,VipTech CMB,Caxias do Sul Basquete,77.6,26.4,37.4,13.8,34.7,10.8,23.9,14.7,12.2,1.243,8.8,25.8,34.075,18.7,38.7,48.702000000000005,13.8,20.0,67.926,1.2,8.2,0.707,3.3,19.7,0.17700000000000005,12.2,3.4,83.1,71.7,17.7,38.8,15.2,34.1,10.0,24.1,15.6,15.5,1.073,5.9,21.2,26.552,19.4,38.6,50.295,15.2,21.6,70.702,1.9,7.3,0.484,2.2,22.5,0.10700000000000001,15.5,3.0,74.5
77,76,2017-02-07,24,1,2016-2017,R10 Score Vasco da Gama,Macaé Basquete,75.8,22.2,36.8,16.8,32.2,8.9,23.3,15.7,14.8,1.209,7.4,21.5,34.632999999999996,18.4,35.4,52.641000000000005,16.8,20.5,82.97099999999999,0.7,7.8,0.6010000000000001,1.5,22.0,0.07400000000000001,14.8,3.6,83.4,71.4,20.4,37.2,13.8,33.1,8.8,24.3,17.0,14.9,1.178,6.8,20.4,33.954,18.6,37.1,50.504,13.8,17.4,80.95599999999999,0.6,5.1,0.35899999999999993,2.5,20.7,0.12500000000000003,14.9,3.7,78.5
77,82,2017-02-11,18,1,2016-2017,VipTech CMB,R10 Score Vasco da Gama,77.9,27.0,36.4,14.5,36.1,11.9,24.2,15.0,12.0,1.29,9.0,26.3,34.142,18.2,39.4,46.465999999999994,14.5,20.7,68.776,1.3,8.0,0.6970000000000001,3.2,19.7,0.171,12.0,3.3,83.5,77.0,24.3,36.2,16.5,33.4,9.4,24.0,16.7,13.8,1.3199999999999998,8.1,22.7,35.855000000000004,18.1,35.5,51.480000000000004,16.5,20.4,82.01100000000001,0.7,7.5,0.608,1.3,22.2,0.06200000000000001,13.8,3.2,86.2
68,61,2017-02-14,20,1,2016-2017,Minas,L. Sorocabana,73.2,25.8,34.0,13.4,35.1,10.0,25.1,16.4,17.1,1.004,8.6,25.7,34.653,17.0,34.3,49.48400000000001,13.4,18.0,75.322,1.5,7.6,0.462,2.8,21.9,0.132,17.1,4.0,79.0,69.0,21.6,34.6,12.8,32.0,10.8,21.2,14.0,16.9,0.874,7.2,23.2,32.018,17.3,35.6,48.739,12.8,18.2,71.808,1.8,7.7,0.48999999999999994,1.7,24.6,0.07700000000000001,16.9,6.8,67.8
78,91,2017-02-14,20,1,2016-2017,Macaé Basquete,VipTech CMB,73.3,20.7,38.4,14.2,32.4,8.5,23.9,17.0,14.7,1.1939999999999997,6.9,21.2,33.413,19.2,36.3,53.327999999999996,14.2,18.1,80.264,0.6,5.6,0.40099999999999997,2.2,21.0,0.11200000000000002,14.7,3.5,80.5,80.4,27.6,36.8,16.0,36.4,11.7,24.7,14.9,12.2,1.267,9.2,25.8,35.724000000000004,18.4,39.3,47.35199999999999,16.0,21.6,71.647,1.2,8.2,0.7020000000000002,2.7,19.5,0.14300000000000002,12.2,3.4,87.3
96,87,2017-02-14,20,1,2016-2017,Flamengo,Mogi,84.7,25.2,43.6,15.9,41.5,11.3,30.2,21.1,13.1,1.6869999999999998,8.4,24.6,33.163,21.8,39.6,55.886,15.9,22.5,71.68,0.9,5.5,0.43200000000000005,2.8,19.2,0.148,13.1,2.6,101.9,78.0,32.1,31.6,14.3,36.0,10.7,25.3,18.9,12.3,1.9560000000000002,10.7,29.5,36.726000000000006,15.8,33.3,47.965999999999994,14.3,21.0,68.0,1.2,7.9,0.756,0.9,21.1,0.043,12.3,3.6,86.4
74,64,2017-02-14,20,1,2016-2017,Bauru Basket,Pinheiros,77.2,29.1,33.4,14.7,38.1,9.8,28.3,16.7,13.0,1.35,9.7,29.7,32.738,16.7,31.8,53.641,14.7,21.6,68.94500000000001,0.7,7.9,0.618,1.9,18.1,0.11300000000000002,13.0,2.8,86.8,78.3,18.3,42.4,17.6,39.6,11.0,28.6,16.2,14.0,1.1780000000000002,6.1,21.5,27.887,21.2,41.1,51.735,17.6,25.3,69.36599999999999,1.3,7.7,0.5569999999999999,3.1,21.9,0.147,14.0,2.5,87.9
85,76,2017-02-14,20,1,2016-2017,Brasília,Paulistano,81.0,24.9,42.8,13.3,38.4,10.4,28.0,20.1,13.0,1.874,8.3,24.2,34.005,21.4,39.3,53.927,13.3,18.6,69.83399999999999,1.8,6.5,0.518,2.4,20.3,0.129,13.0,2.3,96.3,77.6,29.7,34.0,13.9,37.0,12.4,24.6,17.2,11.6,1.5450000000000002,9.9,32.5,29.826999999999998,17.0,34.4,49.426,13.9,18.3,75.38499999999999,1.2,6.2,0.559,2.0,22.7,0.093,11.6,2.7,84.0
85,96,2017-02-16,21,1,2016-2017,Minas,Paulistano,73.1,24.6,35.2,13.3,34.6,10.5,24.1,16.6,17.6,0.9810000000000001,8.2,25.3,33.813,17.6,35.0,50.082,13.3,17.8,75.501,1.3,8.1,0.4749999999999999,2.7,22.4,0.12500000000000003,17.6,3.8,78.5,79.0,29.7,35.6,13.7,34.4,11.1,23.3,17.6,11.4,1.596,9.9,31.4,31.515000000000004,17.8,34.3,52.275,13.7,17.7,77.417,1.2,6.1,0.559,2.0,22.4,0.09600000000000002,11.4,2.4,85.7
69,90,2017-02-16,21,1,2016-2017,Macaé Basquete,Mogi,73.8,20.4,39.2,14.2,32.5,9.5,23.0,16.6,15.2,1.107,6.8,20.9,33.33,19.6,37.7,52.30899999999999,14.2,18.2,79.786,0.8,5.5,0.371,2.4,22.0,0.11499999999999999,15.2,3.8,79.4,78.1,33.6,29.8,14.7,36.3,11.6,24.7,18.6,12.6,1.886,11.2,29.9,37.844,14.9,33.0,45.663000000000004,14.7,21.5,68.13399999999999,1.1,7.9,0.744,0.8,21.4,0.038,12.6,3.7,85.5
79,69,2017-02-16,21,1,2016-2017,Flamengo,VipTech CMB,82.8,24.6,43.2,15.0,42.1,11.7,30.4,20.3,13.8,1.5059999999999998,8.2,24.5,32.501,21.6,39.6,55.373000000000005,15.0,20.9,72.75700000000002,1.0,5.5,0.388,3.0,19.0,0.159,13.8,2.3,99.7,79.5,27.6,36.0,15.9,36.4,11.8,24.6,14.2,12.9,1.145,9.2,26.2,35.294000000000004,18.0,38.3,47.44799999999999,15.9,21.4,71.78599999999999,1.3,8.2,0.649,2.2,20.0,0.11400000000000002,12.9,3.4,84.8
79,77,2017-02-16,21,1,2016-2017,Brasília,L. Sorocabana,81.9,24.0,43.8,14.1,37.5,10.0,27.5,20.0,13.5,1.826,8.0,23.1,34.235,21.9,38.7,56.148,14.1,19.8,69.417,2.0,6.4,0.503,2.7,19.5,0.15,13.5,2.6,97.4,69.3,21.3,35.0,13.0,32.6,11.5,21.1,13.7,16.2,0.8969999999999999,7.1,22.8,32.268,17.5,36.7,48.01199999999999,13.0,18.3,72.507,1.5,7.4,0.499,1.7,24.3,0.07700000000000001,16.2,6.6,68.3
99,78,2017-02-16,21,1,2016-2017,Sesi Franca,Pinheiros,79.5,24.0,36.4,19.1,36.8,10.8,26.0,16.1,13.5,1.2949999999999997,8.0,23.8,34.13099999999999,18.2,35.2,52.39000000000001,19.1,26.6,72.52000000000001,1.5,5.9,0.493,1.4,22.8,0.05800000000000001,13.5,2.6,85.9,78.4,18.9,40.0,19.5,38.5,10.8,27.7,16.4,13.3,1.278,6.3,21.6,28.880000000000003,20.0,39.8,50.318,19.5,27.8,70.38899999999998,0.9,7.1,0.558,2.7,21.2,0.13299999999999998,13.3,2.5,86.4
88,78,2017-02-16,20,1,2016-2017,Fortaleza B. C. / CFO,Caxias do Sul Basquete,73.7,26.4,33.8,13.5,38.7,11.0,27.7,14.6,12.2,1.23,8.8,26.6,32.596,16.9,39.1,42.709,13.5,19.8,67.327,1.3,7.3,0.6099999999999999,2.1,20.7,0.099,12.2,2.6,77.9,70.8,20.4,36.0,14.4,33.8,9.9,23.9,14.7,15.1,1.051,6.8,22.0,29.211000000000002,18.0,38.3,47.112,14.4,20.7,69.96199999999999,1.7,7.4,0.5,1.7,22.6,0.08600000000000001,15.1,2.9,71.5
73,64,2017-02-16,20,1,2016-2017,Vitória,R10 Score Vasco da Gama,76.7,20.4,36.8,19.5,37.0,9.1,27.9,17.4,15.3,1.2239999999999998,6.8,21.2,32.971,18.4,37.5,48.684,19.5,24.6,78.61200000000001,1.5,7.0,0.484,1.7,21.9,0.07999999999999999,15.3,3.6,85.9,74.8,23.1,36.0,15.7,33.5,9.0,24.5,16.5,13.9,1.3019999999999998,7.7,22.7,33.95,18.0,35.8,50.839,15.7,19.9,80.54400000000001,0.7,7.7,0.619,1.3,22.1,0.06200000000000001,13.9,2.9,82.9
89,80,2017-02-18,21,1,2016-2017,Fortaleza B. C. / CFO,R10 Score Vasco da Gama,75.3,26.4,34.2,14.7,37.8,10.3,27.5,14.9,12.7,1.193,8.8,26.1,33.103,17.1,38.5,44.015,14.7,21.5,66.17699999999999,1.4,7.6,0.6100000000000001,2.2,21.6,0.097,12.7,2.6,79.6,75.5,24.0,35.4,16.1,34.2,9.7,24.5,16.3,14.3,1.271,8.0,23.0,34.784000000000006,17.7,36.1,49.319,16.1,21.1,79.03,0.8,8.1,0.631,1.2,22.1,0.05800000000000001,14.3,3.2,82.6
76,67,2017-02-18,21,1,2016-2017,Vitória,Caxias do Sul Basquete,77.6,20.1,38.2,19.3,36.4,9.0,27.4,17.6,15.3,1.238,6.7,21.1,32.694,19.1,38.0,50.001,19.3,24.7,77.302,1.6,7.7,0.534,1.4,22.0,0.064,15.3,3.1,86.7,72.6,23.4,35.2,14.0,34.1,9.9,24.2,15.5,15.0,1.0959999999999999,7.8,23.0,33.378,17.6,37.3,47.275999999999996,14.0,20.2,69.62899999999999,1.6,7.4,0.502,1.6,23.1,0.08,15.0,2.3,75.1
64,90,2017-02-21,22,1,2016-2017,R10 Score Vasco da Gama,Bauru Basket,74.7,23.4,35.6,15.7,33.3,9.1,24.2,15.9,14.8,1.1910000000000003,7.8,22.5,34.535999999999994,17.8,36.3,49.334999999999994,15.7,20.6,79.18,0.6,7.9,0.588,1.1,21.4,0.05600000000000001,14.8,3.5,80.0,78.7,30.0,34.4,14.3,39.3,10.0,29.3,17.0,13.3,1.342,10.0,30.9,32.182,17.2,31.3,56.419000000000004,14.3,21.2,68.152,0.5,7.7,0.597,1.6,18.5,0.096,13.3,2.9,89.1
85,65,2017-02-21,22,1,2016-2017,Paulistano,Macaé Basquete,79.2,29.4,36.4,13.4,34.8,10.7,24.1,18.4,11.9,1.6130000000000002,9.8,30.9,31.779000000000003,18.2,34.1,54.201,13.4,17.0,78.404,1.3,6.6,0.5800000000000001,2.1,21.4,0.10600000000000001,11.9,2.5,88.6,72.5,19.5,39.4,13.6,31.8,9.2,22.6,16.0,15.1,1.076,6.5,21.1,31.511999999999993,19.7,37.3,53.098,13.6,17.4,80.119,0.7,6.0,0.40599999999999997,2.1,22.2,0.101,15.1,3.7,77.3
58,90,2017-02-21,22,1,2016-2017,L. Sorocabana,Flamengo,66.8,19.2,35.8,11.8,32.4,11.2,21.2,13.3,16.3,0.866,6.4,23.3,28.581000000000007,17.9,37.0,48.818,11.8,17.0,70.126,1.4,7.4,0.4959999999999999,1.4,24.0,0.06600000000000002,16.3,6.5,63.8,82.4,24.0,43.6,14.8,41.9,10.9,31.0,19.3,13.9,1.4189999999999998,8.0,23.9,32.882,21.8,39.2,56.38099999999999,14.8,20.7,72.56699999999998,1.5,5.6,0.39099999999999996,2.7,18.6,0.145,13.9,2.7,98.8
95,100,2017-02-21,22,1,2016-2017,Caxias do Sul Basquete,Sesi Franca,75.1,23.7,37.0,14.4,34.5,9.3,25.2,16.7,15.0,1.156,7.9,23.3,33.42100000000001,18.5,38.9,47.623,14.4,21.3,68.554,1.7,8.6,0.562,1.5,23.9,0.076,15.0,1.9,78.7,81.8,24.0,36.6,21.2,37.6,10.3,27.3,16.2,15.1,1.2069999999999999,8.0,24.9,32.712,18.3,34.1,53.899,21.2,29.3,72.854,1.4,5.9,0.429,1.5,23.7,0.05700000000000001,15.1,2.7,87.1
86,78,2017-02-22,22,1,2016-2017,Pinheiros,Brasília,79.4,18.0,42.0,19.4,37.8,10.3,27.5,17.0,13.9,1.2760000000000002,6.0,20.0,29.966999999999995,21.0,41.3,50.696,19.4,27.6,70.511,1.1,7.6,0.578,2.3,22.6,0.10400000000000001,13.9,2.7,87.7,81.8,22.8,43.4,15.6,36.3,10.5,25.8,20.5,14.2,1.7980000000000005,7.6,22.7,32.95399999999999,21.7,38.7,55.648,15.6,22.2,68.85300000000001,2.0,7.0,0.523,2.8,20.0,0.154,14.2,2.3,95.5
77,85,2017-02-22,22,1,2016-2017,Fortaleza B. C. / CFO,Mogi,73.6,26.1,32.6,14.9,37.0,9.9,27.1,14.4,13.0,1.1360000000000001,8.7,26.8,32.031,16.3,36.4,44.53699999999999,14.9,21.9,65.89599999999999,1.1,7.5,0.592,2.0,21.3,0.09,13.0,2.4,76.3,78.4,34.2,29.0,15.2,36.8,11.4,25.4,17.6,12.8,1.8139999999999996,11.4,30.6,37.773,14.5,32.3,45.590999999999994,15.2,21.5,70.51500000000001,1.1,7.5,0.7120000000000001,0.9,21.2,0.044,12.8,4.2,85.1
86,79,2017-02-22,22,1,2016-2017,Vitória,VipTech CMB,77.5,21.0,37.8,18.7,36.0,8.3,27.7,17.3,15.0,1.254,7.0,21.0,34.176,18.9,38.0,49.566,18.7,24.1,76.607,1.5,8.7,0.629,1.5,21.1,0.06999999999999999,15.0,2.9,87.5,79.6,27.9,35.0,16.7,36.2,10.8,25.4,14.7,13.4,1.1320000000000001,9.3,25.2,36.783,17.5,37.6,47.114999999999995,16.7,22.1,74.109,1.4,8.2,0.619,2.2,19.7,0.11400000000000002,13.4,3.4,86.1
103,96,2017-02-23,23,1,2016-2017,Paulistano,Flamengo,80.3,29.7,37.2,13.4,34.4,10.5,23.9,19.4,11.9,1.704,9.9,29.8,34.20399999999999,18.6,35.1,53.82000000000001,13.4,17.3,76.95899999999999,1.5,6.5,0.571,2.2,21.5,0.11000000000000001,11.9,2.5,90.6,83.1,26.1,41.4,15.6,40.0,10.2,29.8,19.4,13.8,1.4329999999999998,8.7,24.4,34.760999999999996,20.7,37.2,56.331,15.6,21.5,73.08,1.7,5.0,0.355,2.5,19.4,0.123,13.8,2.9,98.1
73,77,2017-02-23,23,1,2016-2017,L. Sorocabana,Macaé Basquete,67.0,18.3,36.4,12.3,34.8,12.7,22.1,13.5,15.9,0.8959999999999999,6.1,24.5,25.581,18.2,37.9,48.239000000000004,12.3,18.2,68.697,1.5,7.4,0.504,1.0,25.5,0.03899999999999999,15.9,6.2,63.8,73.0,18.6,38.2,16.2,31.6,8.8,22.8,15.1,15.4,0.993,6.2,20.4,31.049,19.1,37.2,51.73199999999999,16.2,20.5,80.45200000000001,0.7,6.3,0.421,1.9,22.9,0.09000000000000002,15.4,4.0,75.9
76,74,2017-02-23,23,1,2016-2017,Caxias do Sul Basquete,Bauru Basket,76.7,25.5,36.0,15.2,34.7,9.0,25.7,16.7,14.9,1.162,8.5,22.9,38.399,18.0,38.3,47.092999999999996,15.2,22.7,66.663,1.9,8.3,0.5469999999999999,1.4,24.2,0.069,14.9,1.8,80.7,79.9,30.6,34.8,14.5,38.8,9.6,29.2,17.8,13.7,1.3690000000000002,10.2,30.7,33.076,17.4,31.0,57.31600000000001,14.5,21.5,67.92999999999999,0.6,8.0,0.603,1.7,19.0,0.09899999999999999,13.7,2.9,91.4
79,77,2017-02-23,23,1,2016-2017,R10 Score Vasco da Gama,Sesi Franca,75.7,24.0,35.0,16.7,33.9,9.3,24.6,16.0,15.4,1.141,8.0,22.7,35.278999999999996,17.5,35.5,49.685,16.7,22.2,76.872,0.5,7.0,0.491,1.1,21.9,0.053000000000000005,15.4,3.7,80.1,82.0,24.9,37.2,19.9,37.4,10.1,27.3,16.0,15.4,1.157,8.3,25.5,33.129000000000005,18.6,34.8,53.854,19.9,26.5,75.908,1.1,5.4,0.372,1.3,24.0,0.049,15.4,2.6,86.7
95,92,2017-02-24,23,1,2016-2017,Pinheiros,Minas,81.5,17.4,44.2,19.9,37.8,10.6,27.2,18.1,14.4,1.3130000000000002,5.8,18.4,32.723,22.1,42.2,52.053999999999995,19.9,29.2,68.06000000000002,1.4,6.8,0.515,1.9,22.4,0.089,14.4,3.4,89.7,74.9,25.2,36.0,13.7,34.3,10.5,23.8,16.5,17.2,1.008,8.4,25.8,33.769000000000005,18.0,36.0,49.92100000000001,13.7,18.0,76.43499999999999,1.4,8.6,0.5229999999999999,2.5,22.1,0.12000000000000002,17.2,4.1,79.9
75,81,2017-02-24,23,1,2016-2017,Fortaleza B. C. / CFO,VipTech CMB,75.8,27.9,32.8,15.1,36.8,9.9,26.9,15.5,13.8,1.1590000000000003,9.3,27.1,33.846000000000004,16.4,36.1,45.25099999999999,15.1,22.0,66.84899999999999,1.2,7.5,0.5650000000000001,2.5,21.8,0.11300000000000002,13.8,2.8,79.9,78.2,27.0,34.0,17.2,36.2,11.1,25.1,15.0,13.9,1.097,9.0,24.6,36.682,17.0,37.3,46.149,17.2,23.0,73.588,1.4,8.2,0.591,1.8,19.8,0.08700000000000001,13.9,3.5,83.8
60,63,2017-02-25,23,1,2016-2017,Vitória,Mogi,75.3,21.6,36.4,17.3,35.2,7.3,27.9,16.8,14.6,1.274,7.2,22.5,33.138999999999996,18.2,36.5,49.565999999999995,17.3,22.5,74.56300000000002,1.1,9.1,0.6910000000000001,1.6,20.6,0.07600000000000001,14.6,2.6,84.6,79.0,35.7,27.8,15.5,37.8,10.9,26.9,17.9,13.1,1.8189999999999997,11.9,30.6,39.386,13.9,31.6,44.663000000000004,15.5,21.8,71.071,1.1,7.2,0.681,0.9,20.3,0.044,13.1,4.3,87.0
92,85,2017-03-04,26,1,2016-2017,Sesi Franca,Bauru Basket,84.3,25.5,38.2,20.6,39.0,10.7,28.3,16.7,15.5,1.193,8.5,25.1,34.260000000000005,19.1,36.6,52.77,20.6,27.4,75.923,1.2,5.5,0.376,1.7,25.1,0.063,15.5,2.5,90.8,79.5,30.0,33.0,16.5,38.9,9.5,29.4,16.3,13.9,1.1800000000000002,10.0,31.7,31.707,16.5,29.7,56.39000000000001,16.5,24.1,68.421,0.7,8.1,0.5980000000000001,2.1,19.7,0.11299999999999999,13.9,3.1,88.5
84,58,2017-03-07,24,1,2016-2017,Mogi,Brasília,80.5,36.0,28.8,15.7,38.2,10.8,27.4,18.4,13.1,1.855,12.0,30.7,39.612,14.4,31.2,47.02900000000001,15.7,22.2,70.65199999999999,1.3,7.1,0.6739999999999999,1.2,20.4,0.059,13.1,4.0,90.3,78.4,21.9,41.4,15.1,36.0,10.7,25.3,19.8,14.7,1.7199999999999995,7.3,22.4,32.23799999999999,20.7,38.4,53.339999999999996,15.1,21.8,67.603,1.9,6.7,0.491,2.6,20.4,0.141,14.7,2.3,89.3
83,71,2017-03-07,24,1,2016-2017,Bauru Basket,Vitória,81.2,29.1,34.2,17.9,39.6,10.3,29.3,16.4,13.8,1.197,9.7,30.0,32.126,17.1,31.1,55.306000000000004,17.9,25.5,70.281,0.8,7.8,0.578,2.1,19.6,0.11299999999999999,13.8,3.5,91.4,75.0,21.9,38.8,14.3,34.9,7.6,27.3,16.8,13.8,1.317,7.3,22.7,33.356,19.4,37.7,51.509,14.3,19.6,71.37900000000002,1.2,8.7,0.6839999999999999,1.6,21.2,0.07500000000000001,13.8,2.7,84.2
78,82,2017-03-07,24,1,2016-2017,Sesi Franca,Fortaleza B. C. / CFO,83.8,26.1,37.0,20.7,38.3,11.2,27.1,16.1,15.2,1.176,8.7,25.6,34.306,18.5,36.5,51.205999999999996,20.7,27.4,76.378,1.1,5.8,0.40499999999999997,1.6,25.1,0.05800000000000001,15.2,2.2,88.8,76.3,27.9,33.8,14.6,36.4,9.3,27.1,15.5,14.2,1.1280000000000001,9.3,26.5,35.010000000000005,16.9,35.7,47.195,14.6,21.7,65.80099999999999,1.1,7.6,0.5519999999999999,2.6,21.6,0.11900000000000002,14.2,3.1,81.1
114,105,2017-03-07,24,1,2016-2017,VipTech CMB,Minas,81.5,27.6,35.2,18.7,37.9,11.3,26.6,16.1,15.1,1.093,9.2,25.6,36.044000000000004,17.6,37.5,47.275000000000006,18.7,24.9,74.08699999999999,1.6,8.6,0.57,1.5,20.5,0.069,15.1,3.5,88.0,77.5,25.5,37.2,14.8,35.7,10.7,25.0,17.9,17.4,1.0699999999999998,8.5,26.3,33.599000000000004,18.6,37.5,49.516,14.8,19.7,76.68499999999999,1.4,8.9,0.535,2.6,23.3,0.12300000000000003,17.4,3.9,83.6
64,63,2017-03-08,24,1,2016-2017,L. Sorocabana,Pinheiros,66.5,19.2,35.0,12.3,35.6,13.0,22.6,13.3,15.3,0.916,6.4,24.4,26.744999999999997,17.5,37.7,46.660000000000004,12.3,18.4,67.845,1.4,7.0,0.5010000000000001,0.9,24.5,0.036,15.3,6.0,63.7,77.9,17.4,41.6,18.9,37.6,10.2,27.4,17.5,14.2,1.288,5.8,18.3,32.897999999999996,20.8,41.6,49.554,18.9,27.9,67.85,1.6,6.8,0.523,2.0,21.6,0.101,14.2,3.3,85.3
78,72,2017-03-09,25,1,2016-2017,Bauru Basket,Fortaleza B. C. / CFO,80.8,27.6,36.0,17.2,38.8,9.9,28.9,16.9,13.8,1.233,9.2,29.5,30.729000000000003,18.0,31.7,56.835,17.2,24.8,69.33000000000001,0.8,8.0,0.593,1.9,19.6,0.098,13.8,3.6,91.0,76.1,27.0,34.6,14.5,36.2,9.7,26.5,15.7,15.0,1.095,9.0,26.7,33.608999999999995,17.3,36.0,47.932,14.5,21.7,65.13399999999999,1.3,7.9,0.5509999999999999,2.7,21.6,0.12500000000000003,15.0,3.2,80.0
87,64,2017-03-09,25,1,2016-2017,Mogi,Minas,81.7,35.7,30.4,15.6,40.1,11.4,28.7,18.6,13.5,1.826,11.9,30.7,39.242,15.2,31.2,49.88700000000001,15.6,22.8,68.85799999999999,1.3,6.6,0.6199999999999999,1.2,20.7,0.05800000000000001,13.5,3.5,92.7,75.3,24.0,36.4,14.9,35.5,10.9,24.6,16.5,16.9,1.011,8.0,27.0,30.623,18.2,37.5,48.373000000000005,14.9,19.8,76.77599999999998,1.2,8.9,0.5549999999999999,2.2,24.0,0.10300000000000001,16.9,3.7,78.3
