placar_casa,placar_visitante,data,round,stage,ano,equipe_casa,equipe_visitante,Pts_casa,3P_casa,2P_casa,LL_casa,RT_casa,RO_casa,RD_casa,AS_casa,ER_casa,IA%_casa,3PC_casa,3PT_casa,3P%_casa,2PC_casa,2PT_casa,2P%_casa,LLC_casa,LLT_casa,LL%_casa,EN_casa,BR_casa,B/E_casa,TO_casa,FC_casa,T/FC_casa,ET_casa,VI_casa,EF_casa,Pts_visitante,3P_visitante,2P_visitante,LL_visitante,RT_visitante,RO_visitante,RD_visitante,AS_visitante,ER_visitante,IA%_visitante,3PC_visitante,3PT_visitante,3P%_visitante,2PC_visitante,2PT_visitante,2P%_visitante,LLC_visitante,LLT_visitante,LL%_visitante,EN_visitante,BR_visitante,B/E_visitante,TO_visitante,FC_visitante,T/FC_visitante,ET_visitante,VI_visitante,EF_visitante
94,89,2014-11-14,4,1,2014-2015,Paulistano,Rio Claro,81.9,23.1,42.2,16.6,36.3,13.5,22.8,10.8,11.8,1.0310000000000001,7.7,25.5,30.315999999999995,21.1,41.0,51.30400000000001,16.6,21.6,77.146,1.6,9.7,0.929,0.9,25.1,0.03799999999999999,11.8,2.7,85.1,74.75,17.25,43.0,14.5,31.0,9.75,21.25,15.25,15.25,1.0875000000000001,5.75,21.25,27.2625,21.5,39.0,55.125,14.5,19.75,72.42750000000001,0.5,9.5,0.66,0.25,22.0,0.01,15.25,3.0,77.25
83,75,2014-11-16,4,1,2014-2015,Mogi,Pinheiros,76.8,22.8,38.6,15.4,37.7,11.9,25.8,13.9,14.5,1.004,7.6,19.3,38.549,19.3,40.1,47.89999999999999,15.4,21.3,72.287,2.3,9.3,0.659,1.5,21.7,0.07400000000000001,14.5,3.3,86.3,79.6,27.6,38.8,13.2,34.5,11.8,22.7,16.4,14.3,1.189,9.2,27.0,35.039,19.4,36.7,53.266,13.2,17.6,74.67099999999999,2.4,11.4,0.817,2.6,18.6,0.14700000000000002,14.3,2.8,90.7
76,64,2014-11-17,2,1,2014-2015,Limeira,Palmeiras,80.2,23.7,36.8,19.7,29.6,7.8,21.8,15.4,13.3,1.2449999999999999,7.9,18.6,41.938,18.4,34.7,53.45399999999999,19.7,24.8,80.024,1.1,7.6,0.6100000000000001,2.2,24.1,0.09,13.3,3.1,89.6,73.5,21.0,39.0,13.5,35.7,10.7,25.0,14.6,13.3,1.149,7.0,20.3,34.237,19.5,41.5,47.16,13.5,18.8,70.512,2.1,12.5,1.0279999999999998,1.9,18.8,0.10400000000000001,13.3,2.4,84.3
81,74,2014-11-18,5,1,2014-2015,Bauru Basket,Paulistano,81.5,28.2,36.4,16.9,38.4,11.9,26.5,15.5,13.0,1.259,9.4,26.1,35.748000000000005,18.2,36.2,50.796,16.9,21.3,78.038,1.7,10.3,0.827,1.3,17.6,0.078,13.0,2.0,94.9,80.5,22.5,41.4,16.6,35.9,13.7,22.2,11.0,11.9,1.039,7.5,24.4,31.386000000000003,20.7,42.0,49.493,16.6,22.0,75.429,2.1,9.5,0.89,0.9,25.4,0.037,11.9,2.8,82.3
78,76,2014-11-18,5,1,2014-2015,Minas,Flamengo,69.4,18.0,38.4,13.0,33.6,10.6,23.0,15.1,14.7,1.078,6.0,21.2,28.991000000000007,19.2,38.9,49.834,13.0,17.4,72.203,1.2,8.7,0.608,3.7,21.6,0.181,14.7,3.8,76.5,82.8,27.9,37.0,17.9,34.1,9.8,24.3,16.4,13.4,1.3359999999999999,9.3,26.5,34.991,18.5,33.5,55.874,17.9,24.4,74.354,1.7,9.2,0.741,2.0,22.2,0.098,13.4,2.2,92.4
81,80,2014-11-18,5,1,2014-2015,Uberlândia,Macaé Basquete,72.2,23.4,34.0,14.8,33.6,9.3,24.3,13.3,12.5,1.1709999999999998,7.8,24.9,29.864000000000004,17.0,35.0,48.641999999999996,14.8,20.2,73.015,2.2,10.5,0.9279999999999999,1.7,19.5,0.09300000000000001,12.5,2.4,78.3,79.1,26.1,38.8,14.2,30.6,8.0,22.6,13.9,13.1,1.123,8.7,23.1,37.4,19.4,36.6,53.25500000000001,14.2,18.4,77.636,1.5,9.2,0.7180000000000001,1.8,22.3,0.08499999999999999,13.1,2.7,85.7
82,55,2014-11-18,5,1,2014-2015,Sesi Franca,L. Sorocabana,81.5,27.3,38.4,15.8,34.5,9.7,24.8,14.1,14.3,1.0979999999999999,9.1,22.8,40.935,19.2,37.0,52.04299999999999,15.8,22.0,71.873,2.2,9.8,0.756,3.3,20.9,0.17,14.3,2.2,91.2,77.2,20.4,41.8,15.0,32.9,12.7,20.2,13.6,13.7,1.018,6.8,22.1,31.512,20.9,41.0,50.962,15.0,18.6,81.065,1.7,10.3,0.7939999999999999,1.8,24.0,0.078,13.7,2.9,83.1
97,81,2014-11-19,5,1,2014-2015,Pinheiros,Fortaleza B. C. / CFO,82.3,28.2,40.2,13.9,34.1,11.9,22.2,16.7,14.7,1.1620000000000001,9.4,26.9,35.809000000000005,20.1,36.7,55.016,13.9,18.4,74.14500000000001,2.7,12.2,0.8460000000000001,2.5,18.3,0.144,14.7,2.8,94.5,74.4,21.9,39.4,13.1,36.5,11.8,24.7,13.0,14.3,0.9929999999999998,7.3,24.6,29.151,19.7,40.5,48.65599999999999,13.1,18.8,68.912,1.3,10.1,0.7300000000000001,2.8,19.5,0.14300000000000002,14.3,2.6,78.7
86,70,2014-11-19,5,1,2014-2015,Palmeiras,Brasília,71.8,19.5,38.2,14.1,35.7,11.3,24.4,14.6,13.2,1.176,6.5,20.5,31.866000000000003,19.1,41.4,46.489000000000004,14.1,19.3,72.179,2.0,11.9,0.9809999999999999,1.8,18.4,0.10300000000000001,13.2,2.6,81.1,77.9,26.4,38.6,12.9,34.2,8.7,25.5,15.5,10.5,1.6010000000000002,8.8,27.8,31.871000000000002,19.3,38.1,50.672000000000004,12.9,16.1,78.489,2.2,8.7,0.9540000000000001,3.3,22.0,0.17,10.5,2.6,88.1
79,66,2014-11-19,5,1,2014-2015,Rio Claro,Coop/São José Basketball,75.6,16.2,45.2,14.2,32.4,10.2,22.2,16.0,14.2,1.25,5.4,20.2,26.810000000000002,22.6,41.4,54.688,14.2,18.8,75.27600000000001,1.8,9.8,0.748,0.4,20.2,0.024,14.2,3.2,81.8,75.4,21.3,40.6,13.5,36.6,9.8,26.8,16.9,14.6,1.215,7.1,20.5,33.059999999999995,20.3,38.4,52.769000000000005,13.5,19.1,70.202,0.3,7.9,0.561,1.8,18.6,0.10399999999999998,14.6,2.7,86.9
82,72,2014-11-19,5,1,2014-2015,Limeira,Mogi,79.3,22.2,37.6,19.5,29.7,8.2,21.5,15.6,13.0,1.3379999999999999,7.4,18.9,39.392,18.8,35.5,53.384,19.5,23.9,82.191,1.2,8.3,0.718,2.4,23.9,0.101,13.0,3.1,89.7,75.2,23.4,36.4,15.4,37.7,11.6,26.1,13.0,15.4,0.8809999999999999,7.8,18.9,40.569,18.2,39.7,45.456,15.4,20.6,74.93100000000001,2.0,8.8,0.593,1.5,21.2,0.075,15.4,3.2,83.0
73,63,2014-11-20,6,1,2014-2015,Minas,Macaé Basquete,69.2,18.0,37.6,13.6,33.5,10.8,22.7,15.4,15.1,1.076,6.0,21.2,28.990999999999996,18.8,38.2,49.62,13.6,18.8,70.534,1.4,9.3,0.626,3.4,22.2,0.16500000000000004,15.1,3.6,75.9,79.2,26.7,38.0,14.5,30.9,8.0,22.9,13.6,14.1,1.064,8.9,22.8,38.65,19.0,36.4,52.275,14.5,18.9,77.262,1.4,9.6,0.7100000000000001,1.6,23.4,0.071,14.1,3.2,85.1
101,98,2014-11-20,6,1,2014-2015,Uberlândia,Flamengo,74.6,25.8,34.6,14.2,33.1,9.7,23.4,13.6,12.3,1.2069999999999999,8.6,25.6,31.531,17.3,35.5,48.66199999999999,14.2,19.2,74.075,1.9,9.9,0.8949999999999999,1.9,20.1,0.10000000000000002,12.3,2.5,80.6,84.2,26.4,39.4,18.4,35.2,10.7,24.5,16.2,13.2,1.341,8.8,25.4,34.738,19.7,35.5,55.90500000000001,18.4,25.1,74.332,2.0,8.6,0.7060000000000001,2.1,21.9,0.10400000000000001,13.2,2.6,94.0
76,81,2014-11-20,6,1,2014-2015,Sesi Franca,Paulistano,81.9,27.9,37.6,16.4,34.7,9.7,25.0,14.4,14.7,1.0970000000000002,9.3,23.6,40.968,18.8,36.5,51.678,16.4,22.6,72.457,2.4,9.3,0.697,3.2,21.3,0.163,14.7,2.4,90.6,80.8,22.5,40.4,17.9,36.4,13.8,22.6,10.7,11.8,1.018,7.5,24.1,31.645999999999997,20.2,41.6,48.81500000000001,17.9,23.6,76.47199999999998,2.2,9.4,0.8910000000000002,0.9,26.2,0.034999999999999996,11.8,2.5,82.7
97,80,2014-11-20,6,1,2014-2015,Bauru Basket,L. Sorocabana,83.3,29.4,35.4,18.5,37.0,11.8,25.2,15.7,12.8,1.293,9.8,26.2,37.084,17.7,35.1,51.196,18.5,23.8,77.149,1.6,10.1,0.826,1.3,18.0,0.077,12.8,2.0,95.5,77.8,20.4,41.8,15.6,33.8,13.1,20.7,13.9,14.4,0.9880000000000001,6.8,21.2,32.438,20.9,41.5,50.28600000000001,15.6,19.2,81.20400000000001,1.7,10.3,0.75,1.8,24.5,0.077,14.4,3.2,84.6
95,82,2014-11-21,6,1,2014-2015,Pinheiros,Brasília,82.8,29.1,39.4,14.3,35.0,12.3,22.7,16.6,14.2,1.219,9.7,27.5,36.040000000000006,19.7,37.7,52.436,14.3,18.7,74.78,2.5,12.5,0.9189999999999999,2.7,19.1,0.152,14.2,2.4,95.2,79.0,26.7,39.0,13.3,33.3,8.2,25.1,15.6,11.0,1.565,8.9,27.0,33.428000000000004,19.5,38.5,50.754,13.3,16.6,78.45900000000002,2.1,8.8,0.9470000000000001,2.7,22.6,0.129,11.0,2.2,88.0
94,87,2014-11-21,6,1,2014-2015,Palmeiras,Fortaleza B. C. / CFO,74.9,19.8,40.6,14.5,36.2,11.8,24.4,15.7,13.4,1.2469999999999999,6.6,20.1,32.849999999999994,20.3,42.5,47.93000000000001,14.5,19.9,72.011,2.3,11.3,0.9190000000000002,1.7,19.3,0.094,13.4,2.8,85.3,75.3,23.4,38.2,13.7,34.8,11.5,23.3,12.8,14.3,0.976,7.8,25.8,29.401,19.1,38.8,49.11999999999999,13.7,19.3,69.846,1.3,10.0,0.7220000000000001,2.9,19.8,0.146,14.3,2.6,78.2
77,82,2014-11-21,6,1,2014-2015,Rio Claro,Mogi,75.83333333333333,19.0,43.0,13.833333333333334,30.666666666666668,9.666666666666666,21.0,17.0,13.666666666666666,1.375,6.333333333333333,21.333333333333332,29.13166666666667,21.5,40.5,52.98,13.833333333333334,17.833333333333332,78.11500000000001,2.0,10.0,0.79,0.5,19.5,0.03,13.666666666666666,3.0,82.33333333333333,76.2,24.6,36.6,15.0,37.4,11.3,26.1,13.9,15.7,0.9180000000000001,8.2,18.9,43.236000000000004,18.3,39.5,46.004,15.0,19.7,76.413,2.1,8.9,0.592,1.5,20.7,0.075,15.7,3.4,85.6
82,71,2014-11-21,6,1,2014-2015,Limeira,Coop/São José Basketball,80.1,23.1,37.8,19.2,28.0,7.6,20.4,16.1,12.8,1.394,7.7,20.6,38.21300000000001,18.9,34.8,54.46,19.2,24.1,79.74699999999999,1.4,9.3,0.8059999999999998,2.2,24.0,0.093,12.8,3.0,89.2,75.4,19.8,41.2,14.4,36.8,9.3,27.5,17.2,14.6,1.237,6.6,19.3,32.642999999999994,20.6,38.5,53.491,14.4,19.7,71.84200000000001,0.3,8.0,0.5680000000000001,1.9,18.8,0.10800000000000001,14.6,3.0,88.8
87,90,2014-11-23,3,1,2014-2015,Brasília,Uberlândia,78.7,24.6,40.4,13.7,34.1,9.2,24.9,15.6,11.7,1.4300000000000002,8.2,25.7,32.440999999999995,20.2,39.2,51.646,13.7,17.2,77.92999999999999,2.4,8.4,0.8089999999999999,2.9,23.1,0.137,11.7,2.5,88.0,77.1,27.9,34.2,15.0,33.1,10.1,23.0,14.2,12.2,1.267,9.3,26.3,33.436,17.1,35.1,48.67999999999999,15.0,19.8,75.507,1.7,9.7,0.885,1.9,20.0,0.10000000000000002,12.2,2.8,84.0
77,72,2014-11-25,7,1,2014-2015,Macaé Basquete,Palmeiras,76.6,24.9,36.8,14.9,31.7,8.8,22.9,13.0,14.0,1.027,8.3,22.7,36.481,18.4,36.4,50.456,14.9,19.1,78.353,1.2,9.7,0.723,1.6,23.5,0.07000000000000002,14.0,3.3,82.0,74.4,19.5,40.2,14.7,35.4,11.3,24.1,15.3,12.8,1.2709999999999997,6.5,20.8,31.736999999999995,20.1,40.9,49.303000000000004,14.7,19.8,73.23599999999999,2.8,10.9,0.925,1.5,19.7,0.081,12.8,2.7,84.5
79,78,2014-11-25,7,1,2014-2015,Brasília,Coop/São José Basketball,78.1,22.5,41.8,13.8,35.7,9.9,25.8,15.0,11.8,1.3530000000000002,7.5,24.4,31.427999999999997,20.9,40.5,51.924,13.8,17.3,78.03500000000001,2.4,8.2,0.7809999999999999,3.1,22.5,0.146,11.8,2.5,88.3,74.9,17.7,42.2,15.0,36.7,9.6,27.1,16.4,14.2,1.214,5.9,19.7,28.929000000000002,21.1,39.3,53.69699999999999,15.0,19.9,74.06899999999999,0.3,8.5,0.624,1.7,19.3,0.095,14.2,2.9,87.1
100,74,2014-11-26,7,1,2014-2015,Limeira,Sesi Franca,80.4,26.1,36.2,18.1,28.8,7.9,20.9,16.9,13.1,1.412,8.7,22.3,39.088,18.1,34.2,53.342,18.1,22.4,80.041,1.6,9.5,0.8,2.3,23.4,0.1,13.1,2.8,90.8,80.6,25.2,37.4,18.0,33.7,9.9,23.8,13.4,13.9,1.0699999999999998,8.4,23.8,36.558,18.7,35.9,52.24000000000001,18.0,24.1,75.33699999999999,2.2,9.3,0.7230000000000001,2.7,21.6,0.12899999999999998,13.9,2.4,87.1
78,59,2014-11-26,7,1,2014-2015,Paulistano,Uberlândia,80.6,22.5,41.6,16.5,38.1,14.7,23.4,10.8,11.2,1.065,7.5,24.6,30.822000000000003,20.8,42.9,48.69900000000001,16.5,21.6,77.80499999999999,2.4,9.1,0.8990000000000002,0.9,24.8,0.03900000000000001,11.2,2.4,84.0,76.9,29.7,32.6,14.6,32.8,10.2,22.6,14.3,12.9,1.1889999999999998,9.9,27.2,34.7,16.3,34.4,46.909,14.6,18.6,78.00700000000002,1.5,9.7,0.8200000000000001,2.0,20.5,0.1,12.9,2.8,83.4
65,84,2014-11-26,7,1,2014-2015,L. Sorocabana,Minas,76.4,19.8,40.4,16.2,32.8,12.2,20.6,13.1,15.0,0.916,6.6,20.9,32.160999999999994,20.2,41.1,48.753,16.2,20.4,79.54400000000001,1.8,10.6,0.7510000000000001,1.6,25.0,0.068,15.0,3.0,80.1,71.4,19.5,38.2,13.7,34.0,10.8,23.2,15.2,16.2,0.9710000000000001,6.5,21.4,31.437,19.1,37.5,51.248000000000005,13.7,19.7,67.864,1.8,10.3,0.635,2.8,22.7,0.135,16.2,4.0,78.2
70,76,2014-11-27,8,1,2014-2015,Fortaleza B. C. / CFO,Coop/São José Basketball,74.9,24.3,38.0,12.6,35.0,11.7,23.3,12.8,14.1,0.9940000000000001,8.1,26.3,30.343,19.0,38.8,48.876,12.6,18.3,67.50399999999999,1.4,10.5,0.7689999999999999,3.0,19.7,0.153,14.1,2.5,78.4,75.1,18.6,43.2,13.3,37.1,9.3,27.8,16.4,14.4,1.206,6.2,19.6,30.713,21.6,40.1,53.92399999999999,13.3,17.6,74.14,0.4,8.1,0.5950000000000001,1.6,18.3,0.09100000000000001,14.4,2.9,87.7
95,91,2014-11-27,8,1,2014-2015,Macaé Basquete,Pinheiros,78.6,26.4,36.2,16.0,31.3,8.9,22.4,13.4,13.6,1.107,8.8,22.1,39.903999999999996,18.1,36.3,49.802,16.0,19.5,81.91499999999999,0.9,9.3,0.712,1.4,23.4,0.06000000000000001,13.6,3.3,85.4,82.3,28.8,39.4,14.1,33.2,11.9,21.3,16.0,12.8,1.3330000000000002,9.6,27.5,35.727000000000004,19.7,37.5,52.767999999999994,14.1,19.2,71.858,2.7,11.8,0.943,2.3,19.2,0.131,12.8,2.2,92.0
81,77,2014-11-27,8,1,2014-2015,Flamengo,Palmeiras,83.5,25.5,40.4,17.6,34.9,10.1,24.8,16.4,12.4,1.591,8.5,24.5,34.738,20.2,36.3,56.306000000000004,17.6,24.4,73.57300000000001,2.0,9.0,0.889,2.1,21.5,0.10600000000000001,12.4,2.3,94.6,75.1,19.2,41.4,14.5,35.5,11.1,24.4,15.1,12.4,1.2939999999999998,6.4,19.8,33.701,20.7,41.7,49.88100000000001,14.5,19.7,72.41900000000001,3.2,9.8,0.861,1.5,19.7,0.081,12.4,2.7,85.0
68,75,2014-11-28,8,1,2014-2015,Rio Claro,Sesi Franca,74.71428571428571,19.714285714285715,41.714285714285715,13.285714285714286,30.857142857142858,9.142857142857142,21.714285714285715,17.0,13.857142857142858,1.3399999999999999,6.571428571428571,22.428571428571427,28.911428571428576,20.857142857142858,39.142857142857146,53.24571428571429,13.285714285714286,16.857142857142858,79.94285714285715,2.0,9.714285714285714,0.7528571428571429,0.7142857142857143,18.857142857142858,0.04428571428571428,13.857142857142858,3.4285714285714284,81.42857142857143,81.0,24.6,39.0,17.4,35.0,10.5,24.5,13.4,13.2,1.1190000000000002,8.2,23.0,36.701,19.5,37.7,52.239999999999995,17.4,22.8,76.491,2.3,9.1,0.74,2.7,20.4,0.13399999999999998,13.2,2.4,89.6
70,82,2014-11-28,8,1,2014-2015,L. Sorocabana,Uberlândia,77.4,19.5,41.6,16.3,32.0,11.7,20.3,12.9,14.9,0.905,6.5,20.3,32.393,20.8,42.6,48.58500000000001,16.3,20.4,79.998,1.9,10.6,0.756,1.4,24.3,0.06100000000000001,14.9,3.0,79.7,78.2,30.0,34.0,14.2,34.1,10.7,23.4,14.6,13.7,1.1549999999999998,10.0,27.0,35.413,17.0,35.0,48.12,14.2,17.9,78.91400000000002,1.6,9.5,0.767,2.1,21.4,0.099,13.7,3.0,86.1
62,83,2014-11-28,8,1,2014-2015,Paulistano,Minas,80.0,21.9,41.4,16.7,38.7,14.4,24.3,10.9,11.4,1.064,7.3,24.1,30.418,20.7,43.2,48.044000000000004,16.7,21.8,78.043,2.4,9.1,0.893,1.1,25.1,0.04700000000000001,11.4,2.4,84.0,72.2,21.0,36.6,14.6,34.2,10.9,23.3,15.1,15.8,1.022,7.0,22.0,32.552,18.3,37.2,49.458999999999996,14.6,20.4,69.833,2.1,10.8,0.7220000000000001,1.9,22.8,0.087,15.8,3.6,78.7
75,77,2014-11-30,4,1,2014-2015,Brasília,Minas,78.6,22.2,42.2,14.2,36.0,9.8,26.2,15.0,12.2,1.291,7.4,23.8,31.547999999999995,21.1,40.9,51.86899999999999,14.2,17.9,77.84299999999999,2.6,7.9,0.692,2.9,23.0,0.133,12.2,2.4,88.3,72.4,21.6,35.6,15.2,36.4,11.7,24.7,14.1,16.0,0.9280000000000002,7.2,23.0,31.678999999999995,17.8,36.8,48.54600000000001,15.2,21.6,69.054,2.1,10.4,0.68,1.7,22.3,0.08000000000000002,16.0,3.2,77.8
77,71,2014-12-03,8,1,2014-2015,Limeira,Bauru Basket,79.8,27.0,36.0,16.8,29.5,8.3,21.2,16.7,13.1,1.392,9.0,22.7,39.50500000000001,18.0,34.1,53.175,16.8,21.1,79.174,1.6,9.1,0.76,2.3,22.1,0.10300000000000001,13.1,2.7,90.2,80.7,26.7,36.0,18.0,35.4,11.0,24.4,15.0,12.7,1.2360000000000002,8.9,25.8,34.367000000000004,18.0,33.9,53.98199999999999,18.0,23.2,76.922,1.4,9.8,0.8049999999999999,1.0,17.7,0.06200000000000001,12.7,1.9,91.2
65,82,2014-12-05,7,1,2014-2015,Rio Claro,Bauru Basket,73.5,19.5,40.0,14.0,30.625,8.75,21.875,16.875,14.125,1.2974999999999999,6.5,23.0,28.075000000000003,20.0,38.375,51.892500000000005,14.0,17.625,80.27625,2.0,10.375,0.7762500000000001,1.0,18.125,0.0675,14.125,3.5,79.75,81.0,26.7,37.0,17.3,36.1,10.7,25.4,15.3,13.4,1.2150000000000003,8.9,26.4,33.395,18.5,33.7,55.574,17.3,22.4,76.078,1.4,10.2,0.8009999999999999,1.0,18.1,0.06100000000000001,13.4,1.6,92.4
72,86,2014-12-07,1,1,2014-2015,Limeira,Pinheiros,78.9,27.0,36.4,15.5,29.9,8.3,21.6,16.2,12.8,1.379,9.0,23.2,38.884,18.2,34.5,53.11999999999999,15.5,19.4,80.05100000000002,1.7,8.9,0.753,2.1,21.9,0.095,12.8,2.6,88.8,82.4,27.6,41.2,13.6,33.3,11.3,22.0,16.2,12.2,1.4000000000000001,9.2,26.8,35.26200000000001,20.6,38.8,53.18300000000001,13.6,18.3,72.17500000000001,2.9,11.8,0.9690000000000001,2.4,19.5,0.134,12.2,2.1,93.4
85,84,2014-12-07,3,1,2014-2015,Mogi,Palmeiras,77.2,24.9,38.6,13.7,37.1,10.8,26.3,14.2,15.9,0.923,8.3,19.3,42.819,19.3,39.5,48.94500000000001,13.7,18.2,73.774,2.1,8.9,0.5770000000000001,1.7,20.6,0.08800000000000001,15.9,3.2,87.5,75.0,20.1,41.2,13.7,35.5,11.6,23.9,15.8,12.6,1.331,6.7,20.7,33.184,20.6,41.9,49.38100000000001,13.7,18.2,74.619,3.3,9.2,0.799,1.1,19.0,0.06400000000000002,12.6,2.7,84.2
67,70,2014-12-09,9,1,2014-2015,Uberlândia,Sesi Franca,75.7,30.0,33.0,12.7,32.9,11.0,21.9,14.1,13.3,1.154,10.0,28.0,34.187,16.5,34.2,47.813,12.7,16.5,76.638,1.5,9.7,0.8160000000000001,2.1,21.4,0.099,13.3,2.6,81.7,78.3,25.2,37.2,15.9,36.3,11.5,24.8,12.6,14.2,0.96,8.4,23.2,37.188,18.6,37.4,50.118,15.9,21.1,74.99799999999999,2.5,9.0,0.6759999999999999,2.6,20.7,0.12499999999999997,14.2,2.9,85.8
88,96,2014-12-09,9,1,2014-2015,L. Sorocabana,Pinheiros,78.1,19.5,43.0,15.6,31.2,11.3,19.9,13.1,15.2,0.8960000000000001,6.5,19.6,33.489999999999995,21.5,43.3,49.540000000000006,15.6,19.4,80.45500000000001,1.9,11.1,0.773,1.4,23.5,0.06300000000000001,15.2,2.5,81.0,84.3,29.4,40.6,14.3,32.4,10.8,21.6,16.4,13.0,1.35,9.8,26.4,37.694,20.3,38.3,53.022000000000006,14.3,18.6,74.55600000000001,2.9,12.4,0.9730000000000001,2.3,19.3,0.13,13.0,2.0,95.9
73,68,2014-12-09,9,1,2014-2015,Palmeiras,Paulistano,74.0,20.7,40.0,13.3,36.2,11.6,24.6,16.2,13.0,1.3349999999999997,6.9,21.6,32.516999999999996,20.0,40.8,49.306,13.3,17.9,73.83700000000002,3.0,9.2,0.788,1.4,18.1,0.085,13.0,3.1,83.9,78.7,20.4,41.6,16.7,38.4,14.1,24.3,10.9,12.3,0.991,6.8,22.7,30.322000000000003,20.8,43.8,47.68700000000001,16.7,22.0,77.114,2.3,9.3,0.8249999999999998,0.8,24.8,0.034,12.3,2.8,81.6
79,84,2014-12-09,9,1,2014-2015,Minas,Bauru Basket,72.1,21.0,36.0,15.1,38.4,12.1,26.3,14.4,15.5,0.99,7.0,23.2,30.589,18.0,38.2,47.235,15.1,21.8,67.166,2.4,10.5,0.71,1.5,22.4,0.06900000000000002,15.5,3.4,78.3,82.0,27.0,37.2,17.8,36.0,10.6,25.4,14.8,13.3,1.188,9.0,26.8,33.164,18.6,33.8,55.733000000000004,17.8,22.8,77.203,1.4,9.8,0.7779999999999999,1.3,17.8,0.08600000000000001,13.3,1.9,92.6
80,79,2014-12-10,9,1,2014-2015,Coop/São José Basketball,Macaé Basquete,73.5,16.8,44.2,12.5,37.1,9.5,27.6,16.6,14.6,1.1839999999999997,5.6,19.2,29.112000000000002,22.1,40.9,53.88199999999999,12.5,16.8,71.843,0.8,7.8,0.551,1.5,18.4,0.085,14.6,3.0,85.2,78.8,25.5,37.2,16.1,31.7,9.5,22.2,13.3,12.7,1.237,8.5,22.1,38.599000000000004,18.6,36.9,50.318,16.1,20.0,80.63199999999999,0.8,9.5,0.8049999999999999,1.3,22.7,0.05800000000000001,12.7,3.0,86.1
68,60,2014-12-10,9,1,2014-2015,Fortaleza B. C. / CFO,Rio Claro,73.6,24.6,36.2,12.8,35.6,11.9,23.7,12.6,14.8,0.9190000000000002,8.2,26.9,30.196000000000005,18.1,37.8,48.025999999999996,12.8,18.2,71.79,1.3,10.8,0.743,3.1,19.1,0.16799999999999998,14.8,2.3,77.1,72.0,18.666666666666668,40.22222222222222,13.11111111111111,30.77777777777778,8.11111111111111,22.666666666666668,16.444444444444443,14.777777777777779,1.2255555555555555,6.222222222222222,22.22222222222222,27.733333333333334,20.11111111111111,38.55555555555556,51.96000000000001,13.11111111111111,16.88888888888889,77.41777777777777,1.7777777777777777,11.11111111111111,0.7844444444444445,0.8888888888888888,17.333333333333332,0.060000000000000005,14.777777777777779,3.6666666666666665,78.22222222222223
83,87,2014-12-10,9,1,2014-2015,Brasília,Limeira,78.7,22.5,41.0,15.2,35.5,10.3,25.2,15.8,12.6,1.286,7.5,22.6,33.756,20.5,40.9,50.369,15.2,19.2,77.669,2.8,8.3,0.708,2.9,22.9,0.133,12.6,2.5,89.1,81.6,27.3,39.2,15.1,31.0,8.9,22.1,17.3,12.6,1.483,9.1,23.9,37.853,19.6,35.0,56.035000000000004,15.1,18.8,80.32900000000001,1.9,8.8,0.756,2.5,21.1,0.119,12.6,2.6,94.7
94,98,2014-12-10,9,1,2014-2015,Mogi,Flamengo,78.4,25.8,39.2,13.4,37.3,11.3,26.0,14.7,16.9,0.901,8.6,19.7,43.343,19.6,39.5,49.677,13.4,17.9,73.333,2.5,9.8,0.5960000000000001,2.0,20.3,0.10200000000000001,16.9,3.2,89.8,86.8,29.1,39.4,18.3,34.2,10.1,24.1,17.0,13.2,1.562,9.7,25.5,37.284,19.7,35.5,56.148,18.3,24.9,75.485,2.1,9.6,0.8780000000000001,2.1,20.9,0.10700000000000001,13.2,2.3,98.3
83,69,2014-12-11,10,1,2014-2015,Minas,Sesi Franca,74.7,22.2,35.8,16.7,37.5,11.8,25.7,14.7,15.5,1.008,7.4,23.4,32.464,17.9,37.3,48.022000000000006,16.7,23.9,69.36600000000001,2.2,11.0,0.7390000000000001,1.4,23.2,0.059,15.5,3.6,81.2,77.5,23.4,37.0,17.1,36.2,11.1,25.1,12.7,15.8,0.8549999999999999,7.8,22.4,35.617000000000004,18.5,36.7,50.913,17.1,22.7,74.396,2.5,9.6,0.6180000000000001,2.7,21.0,0.129,15.8,3.5,84.5
89,93,2014-12-11,10,1,2014-2015,Pinheiros,Paulistano,85.1,28.8,41.2,15.1,32.6,10.2,22.4,15.5,13.0,1.28,9.6,25.3,38.087,20.6,39.3,52.397000000000006,15.1,19.7,74.248,2.9,11.9,0.9350000000000002,2.7,20.4,0.139,13.0,2.2,95.8,80.7,20.4,42.6,17.7,39.2,14.6,24.6,10.7,12.4,0.9720000000000001,6.8,22.5,30.572999999999997,21.3,44.9,47.535000000000004,17.7,22.9,78.28200000000001,2.5,9.6,0.843,0.9,24.4,0.037,12.4,2.7,84.2
76,88,2014-12-11,10,1,2014-2015,Uberlândia,Bauru Basket,75.9,28.5,34.8,12.6,32.9,10.6,22.3,14.2,12.9,1.183,9.5,28.1,32.303,17.4,35.0,49.440000000000005,12.6,16.3,77.084,1.3,9.6,0.8240000000000001,2.2,21.7,0.10300000000000001,12.9,2.2,82.0,83.9,28.2,38.0,17.7,37.2,10.6,26.6,15.8,13.6,1.253,9.4,27.5,33.852,19.0,33.7,56.935,17.7,22.6,77.476,1.4,9.4,0.7129999999999999,1.4,17.3,0.09200000000000001,13.6,2.1,96.4
83,78,2014-12-11,10,1,2014-2015,Palmeiras,L. Sorocabana,76.3,21.9,39.6,14.8,36.8,12.4,24.4,16.7,14.2,1.2709999999999997,7.3,21.9,33.721,19.8,39.6,50.214999999999996,14.8,19.8,75.61100000000002,3.0,9.0,0.67,1.3,18.1,0.079,14.2,3.1,86.5,78.2,21.0,42.8,14.4,30.7,11.5,19.2,13.6,14.9,0.954,7.0,20.9,34.092999999999996,21.4,43.5,48.955,14.4,18.1,79.555,2.0,12.1,0.8560000000000001,1.6,24.0,0.07,14.9,2.4,81.6
71,94,2014-12-12,10,1,2014-2015,Coop/São José Basketball,Flamengo,73.8,16.5,45.0,12.3,36.4,9.7,26.7,16.7,13.9,1.2529999999999997,5.5,18.8,29.279000000000003,22.5,42.3,53.23,12.3,16.8,70.66600000000001,0.9,8.3,0.6260000000000001,1.4,17.8,0.08,13.9,2.8,85.1,88.2,28.2,41.6,18.4,34.8,10.3,24.5,17.1,13.0,1.595,9.4,25.0,36.951,20.8,36.3,57.815,18.4,25.1,74.98,2.2,9.2,0.8560000000000001,2.0,21.2,0.098,13.0,2.4,100.5
73,85,2014-12-12,10,1,2014-2015,Brasília,Rio Claro,77.8,21.0,42.8,14.0,37.1,11.3,25.8,15.9,13.1,1.231,7.0,22.1,32.539,21.4,41.9,51.25699999999999,14.0,18.1,74.05,3.4,7.9,0.629,3.1,22.3,0.14500000000000002,13.1,2.4,89.0,73.3,18.0,41.8,13.5,31.9,8.5,23.4,16.7,14.2,1.3139999999999998,6.0,21.9,27.065000000000005,20.9,40.2,51.855000000000004,13.5,17.0,79.12,1.6,11.0,0.817,1.0,17.2,0.067,14.2,3.5,81.0
67,85,2014-12-12,10,1,2014-2015,Fortaleza B. C. / CFO,Limeira,74.7,25.8,36.6,12.3,35.6,11.7,23.9,12.9,14.5,0.95,8.6,27.2,31.445999999999998,18.3,37.8,48.614,12.3,17.4,71.679,1.3,10.2,0.7180000000000001,2.7,18.8,0.149,14.5,2.3,78.4,83.1,28.8,39.6,14.7,31.6,8.8,22.8,17.9,12.5,1.527,9.6,24.8,38.455000000000005,19.8,35.0,56.660000000000004,14.7,18.4,79.853,1.7,9.3,0.792,2.5,20.3,0.12399999999999997,12.5,2.8,97.8
81,70,2014-12-12,10,1,2014-2015,Mogi,Macaé Basquete,79.6,25.2,41.0,13.4,37.5,11.9,25.6,15.5,16.6,0.9800000000000001,8.4,19.9,42.01,20.5,40.7,50.277,13.4,17.8,73.675,2.6,10.0,0.623,2.1,20.5,0.10700000000000001,16.6,3.1,92.0,76.3,24.6,35.6,16.1,31.3,9.3,22.0,12.8,13.0,1.187,8.2,22.4,36.979,17.8,35.7,49.678999999999995,16.1,19.9,80.94,0.8,9.0,0.7529999999999999,1.4,22.4,0.062,13.0,3.3,81.9
89,71,2014-12-16,11,1,2014-2015,Paulistano,Coop/São José Basketball,80.5,20.7,42.0,17.8,39.2,14.2,25.0,11.3,12.8,0.9650000000000001,6.9,22.3,31.254999999999995,21.0,44.8,47.022000000000006,17.8,22.6,80.01700000000001,2.2,9.8,0.8089999999999999,1.0,24.5,0.04100000000000001,12.8,3.1,85.0,73.8,16.8,45.0,12.0,36.1,9.5,26.6,15.9,14.0,1.1989999999999998,5.6,19.4,29.154000000000003,22.5,42.0,53.62600000000001,12.0,16.7,69.482,1.1,8.1,0.611,1.6,17.7,0.091,14.0,2.9,83.5
85,87,2014-12-16,11,1,2014-2015,L. Sorocabana,Mogi,77.1,19.8,42.4,14.9,31.0,12.2,18.8,13.1,14.9,0.9280000000000003,6.6,21.0,31.176,21.2,43.8,48.163,14.9,19.1,78.355,1.8,12.3,0.866,2.1,24.7,0.08499999999999999,14.9,2.1,79.5,80.5,24.0,41.8,14.7,37.1,11.9,25.2,15.0,17.1,0.9260000000000002,8.0,19.3,41.278999999999996,20.9,40.9,51.015,14.7,19.4,74.338,2.3,10.4,0.6250000000000001,2.4,21.3,0.11500000000000002,17.1,3.0,92.3
78,77,2014-12-16,11,1,2014-2015,Macaé Basquete,Fortaleza B. C. / CFO,76.9,24.9,36.0,16.0,31.4,9.7,21.7,12.7,12.2,1.304,8.3,22.5,37.295,18.0,36.8,48.76899999999999,16.0,20.0,80.09599999999999,0.6,8.7,0.799,1.3,22.5,0.056999999999999995,12.2,3.4,81.8,74.6,26.7,35.2,12.7,35.0,10.9,24.1,13.8,14.6,1.013,8.9,27.5,32.093,17.6,36.0,49.498000000000005,12.7,18.2,71.104,0.7,10.0,0.6990000000000001,2.6,18.2,0.148,14.6,2.8,78.9
76,74,2014-12-16,11,1,2014-2015,Flamengo,Brasília,87.9,27.3,42.2,18.4,35.6,10.8,24.8,16.7,13.1,1.5610000000000002,9.1,24.4,35.713,21.1,37.8,56.266,18.4,25.1,74.98,2.0,9.0,0.8390000000000001,2.1,20.4,0.10900000000000001,13.1,2.3,99.5,78.2,20.7,42.6,14.9,36.4,11.3,25.1,15.6,13.5,1.167,6.9,21.2,33.205,21.3,42.1,50.709,14.9,18.9,77.175,3.3,8.3,0.629,2.9,22.8,0.131,13.5,2.8,88.8
72,85,2014-12-17,11,1,2014-2015,Minas,Limeira,75.5,21.9,35.8,17.8,36.4,10.6,25.8,14.8,15.5,1.014,7.3,22.3,34.022000000000006,17.9,36.9,48.471000000000004,17.8,24.6,71.899,2.4,10.9,0.733,1.6,23.4,0.06699999999999999,15.5,3.4,82.9,83.1,28.8,40.2,14.1,32.6,9.8,22.8,18.6,12.2,1.597,9.6,25.2,37.769000000000005,20.1,36.1,55.616,14.1,17.3,80.756,1.9,9.8,0.8380000000000001,2.5,20.9,0.12,12.2,2.4,99.6
116,55,2014-12-17,11,1,2014-2015,Bauru Basket,Pinheiros,88.2,29.4,40.8,18.0,38.4,10.3,28.1,16.5,13.6,1.353,9.8,27.5,35.281,20.4,34.0,59.818000000000005,18.0,23.1,77.362,1.3,10.4,0.8559999999999999,1.2,17.7,0.079,13.6,2.1,104.7,83.8,27.9,41.8,14.1,32.7,10.3,22.4,15.0,13.2,1.2360000000000002,9.3,25.2,37.047000000000004,20.9,40.2,52.16799999999999,14.1,18.9,71.261,2.5,11.7,0.915,2.5,20.4,0.128,13.2,2.2,92.5
84,94,2014-12-17,11,1,2014-2015,Uberlândia,Rio Claro,77.2,30.0,35.2,12.0,32.2,9.9,22.3,14.5,13.1,1.178,10.0,27.8,34.464999999999996,17.6,35.0,49.952999999999996,12.0,15.7,76.195,1.2,9.1,0.764,2.7,21.8,0.127,13.1,2.5,83.7,75.5,17.4,44.2,13.9,33.0,9.0,24.0,17.1,14.0,1.4040000000000001,5.8,21.1,27.482000000000006,22.1,42.3,52.177,13.9,17.0,81.226,2.0,11.0,0.8370000000000001,1.0,16.8,0.067,14.0,3.4,85.0
80,74,2014-12-17,11,1,2014-2015,Sesi Franca,Palmeiras,76.5,21.9,38.2,16.4,35.8,12.1,23.7,11.8,15.2,0.8360000000000001,7.3,22.2,33.617,19.1,38.2,50.313,16.4,21.1,76.627,2.7,9.9,0.7,2.3,20.1,0.123,15.2,3.4,82.4,76.2,23.4,39.6,13.2,37.3,12.9,24.4,17.0,15.0,1.244,7.8,22.4,35.325,19.8,40.0,49.626999999999995,13.2,18.6,71.501,2.9,9.1,0.6540000000000001,1.5,17.5,0.094,15.0,2.9,85.9
106,73,2014-12-18,12,1,2014-2015,Flamengo,Fortaleza B. C. / CFO,90.7,28.8,44.6,17.3,36.4,10.5,25.9,17.8,12.5,1.828,9.6,24.4,37.635999999999996,22.3,39.1,57.38100000000001,17.3,22.8,77.33099999999999,2.2,8.9,0.8809999999999999,2.4,19.3,0.13,12.5,2.3,106.6,74.1,26.4,35.2,12.5,34.5,10.8,23.7,13.5,14.4,1.013,8.8,27.5,31.736,17.6,36.5,48.763000000000005,12.5,17.9,71.38199999999999,0.7,9.8,0.691,2.3,17.3,0.137,14.4,2.8,76.8
70,78,2014-12-18,12,1,2014-2015,L. Sorocabana,Coop/São José Basketball,74.9,18.6,41.2,15.1,30.2,11.2,19.0,12.5,14.8,0.883,6.2,19.6,31.301,20.6,42.8,47.857,15.1,20.2,75.06899999999999,2.0,12.2,0.8710000000000001,2.1,23.8,0.09,14.8,2.0,76.4,73.6,16.8,44.6,12.2,36.2,9.5,26.7,15.4,14.4,1.146,5.6,19.0,30.05,22.3,41.4,53.80499999999999,12.2,16.4,71.71700000000001,1.3,7.5,0.5630000000000001,1.4,17.9,0.08000000000000002,14.4,3.2,83.0
74,76,2014-12-18,12,1,2014-2015,Paulistano,Mogi,79.7,21.9,40.8,17.0,38.6,14.1,24.5,10.9,12.7,0.937,7.3,22.7,32.504999999999995,20.4,44.3,46.087,17.0,22.0,78.598,1.9,9.6,0.7959999999999999,1.4,25.0,0.05600000000000001,12.7,3.1,83.2,81.0,24.0,41.6,15.4,38.7,12.6,26.1,14.4,16.8,0.9030000000000001,8.0,19.3,41.278999999999996,20.8,41.5,50.041000000000004,15.4,20.1,74.986,2.7,10.1,0.618,2.3,20.9,0.11200000000000002,16.8,3.1,93.0
68,86,2014-12-18,12,1,2014-2015,Macaé Basquete,Brasília,76.4,25.5,36.2,14.7,31.0,9.3,21.7,12.7,11.3,1.357,8.5,22.6,38.128,18.1,37.0,48.785999999999994,14.7,18.3,80.84599999999999,0.8,8.4,0.834,1.3,22.5,0.056999999999999995,11.3,2.9,81.9,78.2,21.9,41.4,14.9,36.8,11.6,25.2,15.2,12.9,1.2429999999999999,7.3,21.6,34.58,20.7,41.2,50.598,14.9,18.8,77.666,3.5,7.6,0.6140000000000001,2.6,22.0,0.12000000000000002,12.9,2.5,88.8
82,70,2014-12-19,12,1,2014-2015,Minas,Rio Claro,77.6,22.2,37.0,18.4,37.4,11.0,26.4,15.3,15.7,1.033,7.4,22.5,34.214000000000006,18.5,37.7,48.819,18.4,25.1,73.566,2.3,11.3,0.75,2.0,23.5,0.08399999999999999,15.7,3.3,86.9,75.5,16.5,44.2,14.8,33.2,8.5,24.7,16.6,14.1,1.3619999999999997,5.5,20.9,26.093,22.1,42.2,52.30499999999999,14.8,17.9,82.041,1.9,11.2,0.8450000000000001,1.6,16.6,0.1,14.1,3.7,85.4
81,68,2014-12-19,12,1,2014-2015,Sesi Franca,Pinheiros,76.5,21.0,39.2,16.3,36.0,11.8,24.2,11.9,15.3,0.833,7.0,22.0,32.713,19.6,37.7,52.275,16.3,21.1,76.127,2.7,10.5,0.741,2.6,19.9,0.13899999999999998,15.3,3.9,84.3,82.2,27.0,40.4,14.8,33.6,10.8,22.8,15.0,13.8,1.207,9.0,25.8,34.269,20.2,39.8,50.821,14.8,19.5,73.761,2.3,10.8,0.8460000000000001,2.6,20.9,0.131,13.8,2.1,89.3
85,77,2014-12-19,12,1,2014-2015,Bauru Basket,Palmeiras,88.6,32.7,39.2,16.7,37.6,9.6,28.0,17.2,12.7,1.573,10.9,28.4,38.046,19.6,32.6,59.76399999999999,16.7,22.2,73.696,1.5,9.6,0.8379999999999999,1.3,16.7,0.09,12.7,2.0,105.6,78.4,26.1,40.0,12.3,37.0,12.5,24.5,17.4,14.6,1.34,8.7,23.5,37.66799999999999,20.0,39.6,50.709999999999994,12.3,17.3,69.39,2.4,8.9,0.663,1.4,17.6,0.088,14.6,3.2,89.1
81,89,2014-12-19,12,1,2014-2015,Uberlândia,Limeira,77.3,27.6,37.8,11.9,31.6,9.8,21.8,14.8,13.9,1.099,9.2,25.9,33.795,18.9,36.2,51.714,11.9,15.2,77.924,1.4,9.1,0.6799999999999999,2.5,22.0,0.11700000000000002,13.9,2.7,84.1,83.5,29.7,41.4,12.4,32.0,9.3,22.7,19.1,12.0,1.6460000000000001,9.9,24.8,40.982000000000006,20.7,37.2,55.44000000000001,12.4,15.7,79.563,1.8,10.2,0.874,2.2,20.2,0.11000000000000001,12.0,2.2,100.3
73,79,2014-12-21,13,1,2014-2015,Sesi Franca,Bauru Basket,75.9,21.0,39.6,15.3,35.2,11.1,24.1,12.5,14.5,0.9620000000000001,7.0,22.1,32.57,19.8,38.1,52.263,15.3,19.6,76.46000000000001,2.9,10.7,0.82,3.2,19.2,0.16799999999999998,14.5,3.7,85.3,88.2,32.4,40.0,15.8,37.4,8.9,28.5,17.2,12.7,1.573,10.8,27.9,38.259,20.0,32.1,61.997,15.8,21.3,72.91999999999999,1.6,9.1,0.808,1.5,16.6,0.10400000000000001,12.7,2.0,106.0
75,66,2014-12-22,13,1,2014-2015,Minas,Uberlândia,78.6,22.8,37.6,18.2,36.9,10.0,26.9,16.1,15.7,1.0829999999999997,7.6,20.9,37.45,18.8,37.8,49.502,18.2,25.2,72.50399999999999,2.7,11.9,0.788,2.2,22.7,0.097,15.7,3.4,90.7,78.7,30.6,36.2,11.9,29.5,9.0,20.5,15.0,14.4,1.0950000000000002,10.2,26.3,39.058,18.1,34.2,51.916,11.9,14.9,79.483,1.4,9.1,0.6659999999999999,2.6,22.1,0.12100000000000002,14.4,2.6,85.3
81,68,2014-12-22,13,1,2014-2015,Brasília,Fortaleza B. C. / CFO,79.0,21.6,43.4,14.0,38.4,12.5,25.9,16.1,12.5,1.3450000000000002,7.2,21.6,34.053999999999995,21.7,42.8,50.983000000000004,14.0,17.8,77.363,3.4,7.4,0.614,2.4,21.2,0.11200000000000002,12.5,2.7,91.5,74.3,27.9,34.6,11.8,33.4,10.2,23.2,13.7,13.3,1.11,9.3,29.3,31.919,17.3,35.1,49.538000000000004,11.8,16.4,74.02099999999999,0.7,9.1,0.7049999999999998,2.4,17.0,0.14600000000000002,13.3,2.3,77.2
83,69,2014-12-22,13,1,2014-2015,Paulistano,L. Sorocabana,79.6,21.6,41.4,16.6,39.9,14.2,25.7,11.3,13.3,0.9380000000000001,7.2,23.0,31.547999999999995,20.7,43.6,47.654,16.6,22.5,75.94199999999998,1.6,9.4,0.765,1.5,25.1,0.06000000000000001,13.3,3.0,83.8,74.3,18.0,40.8,15.5,29.5,11.4,18.1,12.3,14.9,0.8640000000000001,6.0,20.5,29.448000000000008,20.4,42.7,47.533,15.5,21.0,74.05499999999999,1.9,12.5,0.885,2.2,24.7,0.09,14.9,2.1,73.6
86,84,2014-12-22,13,1,2014-2015,Macaé Basquete,Flamengo,77.4,27.0,35.6,14.8,31.4,9.3,22.1,12.9,10.9,1.453,9.0,23.1,39.475,17.8,36.6,48.564,14.8,18.6,79.991,0.8,8.3,0.8719999999999999,1.0,21.9,0.045,10.9,3.1,83.4,89.2,28.5,43.6,17.1,35.7,9.7,26.0,17.7,12.2,1.8800000000000003,9.5,24.1,37.86800000000001,21.8,37.9,57.775999999999996,17.1,22.7,76.688,2.2,8.5,0.8560000000000001,2.3,19.3,0.124,12.2,2.3,104.9
88,89,2014-12-22,13,1,2014-2015,Mogi,Coop/São José Basketball,80.8,24.6,39.8,16.4,37.4,12.7,24.7,14.1,16.3,0.9410000000000001,8.2,19.8,41.112,19.9,40.5,49.172000000000004,16.4,21.2,75.553,2.5,10.3,0.6639999999999999,2.2,20.6,0.10800000000000001,16.3,3.0,91.5,73.6,18.6,42.4,12.6,34.7,8.9,25.8,15.0,13.7,1.1880000000000002,6.2,19.8,31.161,21.2,39.6,53.665000000000006,12.6,17.0,71.161,1.4,7.6,0.5940000000000001,1.3,19.1,0.067,13.7,2.8,82.1
78,87,2014-12-22,13,1,2014-2015,Rio Claro,Limeira,76.5,16.5,45.2,14.8,33.5,8.4,25.1,17.4,14.1,1.41,5.5,20.1,27.021000000000004,22.6,42.9,52.428,14.8,17.4,84.17699999999999,1.8,10.7,0.8150000000000001,1.7,15.6,0.11000000000000001,14.1,3.6,88.2,84.6,30.6,42.8,11.2,31.3,9.0,22.3,19.6,12.0,1.688,10.2,25.2,41.64900000000001,21.4,38.0,56.098,11.2,14.3,79.08000000000001,2.0,10.6,0.9079999999999998,2.2,20.0,0.11000000000000001,12.0,2.5,101.6
65,79,2014-12-23,13,1,2014-2015,Pinheiros,Palmeiras,81.7,28.5,38.2,15.0,33.9,10.3,23.6,15.0,14.0,1.1900000000000002,9.5,26.9,35.177,19.1,37.6,50.638999999999996,15.0,19.7,74.428,1.8,10.3,0.7950000000000002,2.3,21.4,0.10400000000000001,14.0,1.9,88.6,79.9,27.9,39.6,12.4,37.8,12.2,25.6,17.0,14.4,1.326,9.3,24.1,39.513999999999996,19.8,39.5,50.30499999999999,12.4,17.4,69.515,2.6,9.1,0.683,1.5,16.3,0.099,14.4,3.6,91.4
107,86,2015-01-06,14,1,2014-2015,Pinheiros,Uberlândia,84.9,30.3,39.4,15.2,33.1,9.7,23.4,16.3,14.2,1.258,10.1,26.7,37.994,19.7,37.4,52.50999999999999,15.2,19.9,74.56499999999998,2.1,10.4,0.789,2.2,21.0,0.101,14.2,2.1,93.7,79.2,30.3,36.6,12.3,29.2,8.6,20.6,15.5,15.3,1.0770000000000004,10.1,25.9,39.478,18.3,34.9,51.44,12.3,15.2,80.309,1.4,9.2,0.6359999999999999,2.5,22.9,0.11400000000000002,15.3,2.9,85.0
94,83,2015-01-06,14,1,2014-2015,Coop/São José Basketball,Sesi Franca,77.4,18.3,45.4,13.7,35.9,9.3,26.6,16.0,14.0,1.224,6.1,19.6,30.883000000000003,22.7,41.3,54.962,13.7,18.1,72.979,1.2,7.3,0.553,1.4,19.9,0.06899999999999999,14.0,2.8,87.5,76.3,20.4,41.4,14.5,36.4,12.1,24.3,13.4,14.8,1.0150000000000001,6.8,23.2,29.282999999999998,20.7,40.0,52.23100000000001,14.5,19.8,72.816,3.1,11.4,0.8699999999999999,3.4,19.8,0.175,14.8,3.7,85.1
80,99,2015-01-06,14,1,2014-2015,Mogi,Bauru Basket,82.8,26.1,40.4,16.3,37.6,13.5,24.1,15.0,16.1,1.009,8.7,20.7,42.445,20.2,41.1,49.291,16.3,21.0,75.74499999999999,2.4,10.3,0.675,2.1,21.1,0.099,16.1,2.6,94.1,88.2,33.9,39.4,14.9,36.7,9.0,27.7,17.9,12.8,1.611,11.3,28.8,38.595000000000006,19.7,31.9,61.426,14.9,20.6,71.28999999999999,1.5,9.2,0.8110000000000002,1.6,16.5,0.10900000000000001,12.8,2.1,105.4
76,80,2015-01-06,14,1,2014-2015,Palmeiras,Minas,78.9,27.0,39.2,12.7,36.6,11.1,25.5,15.6,14.5,1.1590000000000003,9.0,23.9,38.552,19.6,37.8,51.88199999999999,12.7,18.1,68.12100000000001,2.4,8.5,0.61,1.4,17.3,0.086,14.5,3.9,88.0,78.8,24.0,37.6,17.2,36.0,9.3,26.7,16.0,15.2,1.1200000000000003,8.0,20.6,39.843,18.8,37.5,49.86800000000001,17.2,24.0,71.838,2.8,11.9,0.7949999999999999,2.1,22.3,0.095,15.2,3.3,91.5
85,93,2015-01-07,14,1,2014-2015,Rio Claro,Flamengo,76.1,17.1,45.8,13.2,32.8,7.6,25.2,17.9,13.7,1.4589999999999999,5.7,20.5,27.324000000000005,22.9,42.5,53.746,13.2,15.6,82.92,2.2,10.7,0.825,1.7,14.7,0.11200000000000002,13.7,3.2,88.7,88.8,27.3,44.8,16.7,35.2,10.0,25.2,16.9,11.0,1.9090000000000003,9.1,24.0,36.052,22.4,39.6,56.70900000000002,16.7,21.6,78.44200000000001,2.2,9.2,0.959,2.1,19.2,0.11299999999999999,11.0,2.1,104.2
87,66,2015-01-07,14,1,2014-2015,Limeira,Macaé Basquete,85.1,31.5,42.6,11.0,31.0,8.8,22.2,19.7,12.2,1.643,10.5,25.1,42.94500000000001,21.3,37.6,56.423,11.0,14.3,77.747,2.4,10.2,0.835,2.4,20.4,0.11700000000000002,12.2,2.5,102.0,76.2,26.1,34.8,15.3,32.1,9.6,22.5,12.5,11.7,1.32,8.7,22.4,39.501999999999995,17.4,36.8,47.27499999999999,15.3,19.4,78.795,0.8,8.5,0.8390000000000001,1.0,21.5,0.045,11.7,3.2,81.4
84,76,2015-01-07,14,1,2014-2015,Brasília,L. Sorocabana,80.4,22.8,42.4,15.2,37.8,11.9,25.9,16.3,12.1,1.393,7.6,22.0,35.153,21.2,41.5,51.178000000000004,15.2,19.6,76.11300000000001,3.3,7.7,0.648,2.7,21.4,0.124,12.1,2.7,93.7,73.6,17.4,41.6,14.6,30.3,11.0,19.3,12.0,15.3,0.8109999999999999,5.8,20.6,28.141,20.8,42.8,48.263999999999996,14.6,20.2,72.388,1.5,12.5,0.859,2.5,23.9,0.10500000000000001,15.3,2.4,73.2
69,77,2015-01-07,14,1,2014-2015,Fortaleza B. C. / CFO,Paulistano,73.1,26.1,35.4,11.6,33.7,9.6,24.1,13.1,12.5,1.193,8.7,29.2,29.924,17.7,34.9,50.763999999999996,11.6,16.0,75.06299999999999,0.7,9.1,0.905,2.5,16.7,0.15400000000000003,12.5,2.2,76.9,77.9,22.2,39.0,16.7,40.9,14.0,26.9,11.4,13.0,0.959,7.4,22.6,33.016,19.5,42.6,45.940999999999995,16.7,22.3,76.93499999999999,1.5,8.5,0.714,1.5,24.1,0.06200000000000001,13.0,2.6,83.3
80,82,2015-01-08,15,1,2014-2015,Mogi,Sesi Franca,82.5,24.9,40.8,16.8,37.3,14.2,23.1,14.7,15.9,1.001,8.3,20.5,40.99499999999999,20.4,41.4,49.451,16.8,21.3,76.876,2.1,10.0,0.664,2.5,21.2,0.11400000000000002,15.9,2.9,93.4,76.3,21.0,40.2,15.1,34.0,11.0,23.0,13.4,13.8,1.066,7.0,23.4,29.738,20.1,38.6,52.412,15.1,20.9,71.93500000000002,2.7,11.1,0.885,3.4,20.5,0.16899999999999998,13.8,3.5,83.7
71,90,2015-01-08,15,1,2014-2015,Coop/São José Basketball,Bauru Basket,77.9,19.2,44.6,14.1,36.6,9.4,27.2,16.5,13.2,1.402,6.4,19.6,32.647000000000006,22.3,42.2,52.998000000000005,14.1,18.6,73.312,1.5,7.5,0.627,1.3,19.5,0.066,13.2,2.7,89.0,89.1,34.8,40.4,13.9,37.0,8.7,28.3,18.6,12.4,1.7240000000000002,11.6,29.1,39.262,20.2,32.7,61.46600000000001,13.9,19.7,69.624,1.2,9.0,0.8109999999999999,2.0,16.3,0.138,12.4,1.8,107.5
79,68,2015-01-08,15,1,2014-2015,Palmeiras,Uberlândia,77.4,27.0,38.2,12.2,36.5,10.6,25.9,15.5,14.8,1.1320000000000001,9.0,24.2,38.120999999999995,19.1,36.6,52.398,12.2,17.3,68.56800000000001,2.4,8.0,0.5680000000000001,1.5,17.0,0.092,14.8,3.9,86.3,75.9,27.0,36.0,12.9,29.4,8.7,20.7,14.6,14.6,1.084,9.0,25.3,36.621,18.0,34.8,50.71,12.9,16.0,79.976,1.6,10.0,0.786,2.5,22.0,0.11800000000000002,14.6,2.8,81.6
89,78,2015-01-08,15,1,2014-2015,Pinheiros,Minas,84.1,29.4,39.4,15.3,33.8,9.7,24.1,15.7,14.3,1.208,9.8,26.0,37.618,19.7,37.5,52.351,15.3,20.8,71.877,1.9,9.4,0.7130000000000002,2.4,21.0,0.11299999999999999,14.3,2.4,91.6,79.3,24.3,38.6,16.4,36.5,9.4,27.1,15.7,14.3,1.159,8.1,21.0,39.637,19.3,39.1,49.315999999999995,16.4,22.4,73.382,2.5,11.4,0.807,1.9,21.6,0.09,14.3,3.3,91.8
78,73,2015-01-09,15,1,2014-2015,Limeira,Flamengo,84.7,32.4,41.0,11.3,31.1,9.1,22.0,19.6,12.3,1.6239999999999999,10.8,24.5,44.861000000000004,20.5,36.9,55.157,11.3,14.3,79.24699999999999,2.4,9.9,0.8030000000000002,2.8,19.9,0.137,12.3,2.6,102.7,87.9,28.2,44.4,15.3,35.6,10.5,25.1,17.2,10.6,1.9520000000000004,9.4,23.5,38.398,22.2,40.4,54.826,15.3,19.3,79.542,2.2,8.8,0.952,2.2,19.3,0.11699999999999999,10.6,1.7,104.8
85,105,2015-01-09,15,1,2014-2015,Rio Claro,Macaé Basquete,76.7,18.0,45.4,13.3,31.4,6.9,24.5,17.9,14.5,1.375,6.0,20.8,28.508000000000003,22.7,41.3,54.862,13.3,16.0,81.62100000000001,1.5,10.8,0.7819999999999999,1.7,15.9,0.10800000000000001,14.5,2.9,87.9,78.7,26.1,35.4,17.2,32.7,9.9,22.8,12.6,11.7,1.3270000000000002,8.7,22.3,39.763999999999996,17.7,37.3,47.29,17.2,21.5,80.182,1.1,9.0,0.8719999999999999,0.9,21.6,0.039999999999999994,11.7,3.1,84.7
86,94,2015-01-09,15,1,2014-2015,Brasília,Paulistano,80.8,23.1,43.0,14.7,37.5,12.2,25.3,16.5,11.7,1.443,7.7,22.1,35.37,21.5,41.8,51.604,14.7,19.2,75.07700000000001,3.5,7.6,0.6519999999999999,2.9,21.8,0.12999999999999998,11.7,3.0,94.4,79.9,23.4,38.6,17.9,40.5,13.7,26.8,11.7,13.0,0.993,7.8,23.8,32.473,19.3,40.3,47.879999999999995,17.9,23.5,77.737,0.9,8.3,0.692,1.7,23.7,0.07300000000000001,13.0,2.6,86.5
90,78,2015-01-09,15,1,2014-2015,Fortaleza B. C. / CFO,L. Sorocabana,75.0,26.7,36.4,11.9,33.4,9.7,23.7,14.3,12.6,1.2739999999999998,8.9,29.9,29.727999999999998,18.2,35.1,52.013999999999996,11.9,16.0,76.03099999999999,0.6,9.2,0.907,2.3,17.5,0.141,12.6,2.1,79.6,75.9,18.3,41.6,16.0,30.9,10.9,20.0,12.0,14.7,0.849,6.1,20.3,29.935000000000002,20.8,42.4,48.791999999999994,16.0,22.5,71.58600000000001,1.3,11.8,0.8530000000000001,2.3,24.7,0.094,14.7,2.3,75.9
80,62,2015-01-12,4,1,2014-2015,Fortaleza B. C. / CFO,Uberlândia,74.9,27.0,36.8,11.1,32.6,9.3,23.3,14.7,11.3,1.404,9.0,30.4,29.491999999999997,18.4,35.0,52.754,11.1,15.0,75.53099999999999,0.5,10.0,1.0550000000000002,2.1,17.1,0.12999999999999998,11.3,1.9,81.1,73.1,24.3,36.4,12.4,31.0,8.9,22.1,14.3,15.7,1.011,8.1,24.5,33.834999999999994,18.2,35.1,50.843,12.4,15.3,80.61999999999998,1.6,9.9,0.74,2.7,21.0,0.13699999999999998,15.7,2.7,79.1
89,80,2015-01-13,3,2,2014-2015,Limeira,Paulistano,83.6,30.0,41.6,12.0,31.0,8.5,22.5,18.7,12.4,1.531,10.0,23.9,42.9,20.8,37.6,54.846000000000004,12.0,14.7,81.236,2.3,9.9,0.796,3.1,20.2,0.148,12.4,2.7,100.5,79.8,23.4,38.6,17.8,41.4,14.3,27.1,11.6,13.5,0.931,7.8,23.6,32.68,19.3,41.4,46.848,17.8,23.1,78.591,0.8,8.4,0.6529999999999999,1.6,23.4,0.07,13.5,2.7,86.1
77,84,2015-01-13,4,1,2014-2015,Flamengo,Bauru Basket,88.0,28.5,45.4,14.1,35.4,10.0,25.4,16.6,10.9,1.811,9.5,24.2,38.122,22.7,40.3,56.298000000000016,14.1,18.2,77.858,2.3,8.9,0.923,2.1,18.8,0.11600000000000002,10.9,2.0,103.7,87.8,34.8,40.2,12.8,37.4,7.9,29.5,17.7,12.5,1.6490000000000002,11.6,29.2,39.126,20.1,33.0,60.54,12.8,17.9,70.291,1.0,8.5,0.769,2.2,16.5,0.146,12.5,2.0,105.5
80,91,2015-01-14,7,1,2014-2015,Fortaleza B. C. / CFO,Mogi,74.2,25.8,36.8,11.6,32.3,8.9,23.4,14.4,11.6,1.363,8.6,30.2,28.409,18.4,35.1,52.602999999999994,11.6,16.0,74.676,0.5,10.4,1.067,1.9,17.0,0.12200000000000003,11.6,2.0,78.9,84.4,22.8,44.6,17.0,37.9,14.0,23.9,15.3,15.6,1.045,7.6,20.3,37.384,22.3,42.5,52.778000000000006,17.0,22.0,75.032,2.5,10.7,0.7100000000000001,2.5,22.0,0.11200000000000002,15.6,2.9,97.3
85,93,2015-01-15,3,1,2014-2015,Macaé Basquete,Bauru Basket,80.9,27.0,37.0,16.9,32.6,9.8,22.8,13.3,10.5,1.4460000000000002,9.0,22.5,40.779,18.5,38.1,48.48299999999999,16.9,21.2,79.751,1.2,8.6,0.8919999999999998,0.8,20.3,0.039999999999999994,10.5,2.9,88.3,90.0,36.9,40.6,12.5,38.1,8.0,30.1,18.8,12.6,1.746,12.3,30.0,40.568,20.3,33.4,60.31699999999999,12.5,17.4,70.973,1.2,8.4,0.75,2.2,17.0,0.14400000000000002,12.6,2.2,109.2
97,81,2015-01-15,1,2,2014-2015,Flamengo,Paulistano,87.9,30.0,43.6,14.3,35.7,9.5,26.2,17.4,10.7,1.9309999999999998,10.0,25.5,38.135999999999996,21.8,39.2,55.61899999999999,14.3,17.8,80.182,2.0,8.8,0.9279999999999999,2.2,18.6,0.124,10.7,1.6,104.9,80.1,23.1,38.8,18.2,39.6,13.1,26.5,11.5,13.4,0.933,7.7,23.1,33.028000000000006,19.4,41.5,46.96399999999999,18.2,23.5,78.877,0.6,8.3,0.65,1.5,24.4,0.062,13.4,2.8,84.8
86,88,2015-01-16,8,1,2014-2015,Brasília,Mogi,80.7,24.0,42.6,14.1,37.5,11.5,26.0,17.1,11.7,1.4900000000000002,8.0,22.2,36.556,21.3,41.9,50.936,14.1,18.4,75.50500000000001,3.2,7.4,0.636,3.1,21.5,0.141,11.7,2.7,95.0,85.0,23.1,45.0,16.9,37.7,14.1,23.6,15.5,14.6,1.1549999999999998,7.7,21.0,35.717,22.5,43.4,52.18000000000001,16.9,22.1,74.03800000000001,3.0,11.0,0.78,2.7,22.7,0.12000000000000002,14.6,2.4,97.9
98,73,2015-01-17,2,2,2014-2015,Flamengo,L. Sorocabana,89.6,30.6,44.8,14.2,35.4,9.4,26.0,18.7,12.0,1.7400000000000002,10.2,25.0,40.066,22.4,39.0,57.18000000000001,14.2,18.5,77.608,2.3,9.0,0.768,2.2,18.1,0.127,12.0,1.8,107.2,75.2,18.9,41.6,14.7,31.0,10.7,20.3,11.4,14.5,0.818,6.3,20.6,30.490000000000002,20.8,42.8,48.357000000000006,14.7,21.5,69.146,1.2,12.3,0.8969999999999999,2.2,24.5,0.091,14.5,2.2,74.5
80,73,2015-01-19,1,2,2014-2015,Macaé Basquete,L. Sorocabana,81.2,25.2,39.2,16.8,33.4,10.1,23.3,13.4,10.6,1.4440000000000002,8.4,21.3,39.487,19.6,39.6,49.35499999999999,16.8,21.5,78.25999999999999,1.3,8.1,0.8480000000000001,1.0,20.0,0.051000000000000004,10.6,2.8,88.9,76.0,17.7,44.2,14.1,30.8,10.5,20.3,11.1,13.1,0.8699999999999999,5.9,20.1,29.481,22.1,44.0,50.416,14.1,20.7,68.624,1.3,12.3,0.9919999999999998,2.2,23.9,0.092,13.1,2.3,76.6
74,85,2015-01-20,1,2,2014-2015,Brasília,Bauru Basket,80.2,24.9,41.8,13.5,36.8,10.8,26.0,17.6,12.3,1.488,8.3,23.3,36.394,20.9,40.2,51.96400000000001,13.5,18.0,73.75500000000001,3.1,7.6,0.6300000000000001,3.0,20.9,0.14,12.3,2.8,94.1,90.3,38.4,39.0,12.9,37.3,8.1,29.2,19.2,11.8,1.8400000000000003,12.8,31.1,41.08,19.5,33.1,58.617999999999995,12.9,17.8,71.766,1.4,8.5,0.805,2.3,16.8,0.15100000000000002,11.8,2.1,109.0
78,91,2015-01-20,1,2,2014-2015,Fortaleza B. C. / CFO,Sesi Franca,75.0,27.6,34.8,12.6,33.3,9.3,24.0,14.1,11.4,1.3589999999999998,9.2,31.6,29.043,17.4,34.0,51.237,12.6,16.5,78.05799999999999,0.5,9.7,1.022,1.7,17.3,0.10900000000000001,11.4,1.8,79.5,77.8,21.6,41.8,14.4,35.1,11.6,23.5,14.1,13.2,1.212,7.2,23.3,30.538,20.9,40.0,52.476,14.4,20.2,71.225,2.5,11.8,0.9890000000000001,3.3,19.9,0.16899999999999998,13.2,3.1,87.9
61,73,2015-01-21,1,2,2014-2015,Pinheiros,Limeira,80.7,27.3,39.2,14.2,33.7,9.7,24.0,14.4,13.9,1.1179999999999999,9.1,25.7,35.126,19.6,37.2,52.456,14.2,19.8,70.53500000000001,1.6,8.3,0.636,2.4,20.1,0.11799999999999997,13.9,2.4,85.8,83.2,27.6,44.2,11.4,30.8,8.0,22.8,18.4,12.1,1.552,9.2,22.8,41.32899999999999,22.1,39.0,56.355999999999995,11.4,14.1,79.57,2.6,9.7,0.7969999999999999,3.3,20.3,0.15999999999999998,12.1,2.7,100.1
76,69,2015-01-21,2,2,2014-2015,Macaé Basquete,Paulistano,79.3,24.3,39.2,15.8,33.8,10.1,23.7,13.5,11.4,1.37,8.1,21.3,37.987,19.6,39.7,49.239999999999995,15.8,20.4,78.03099999999999,1.3,8.0,0.8160000000000001,1.3,19.6,0.06999999999999999,11.4,2.8,86.6,80.8,24.0,39.0,17.8,38.7,13.2,25.5,11.6,12.7,0.984,8.0,23.2,34.206,19.5,41.8,46.864999999999995,17.8,23.1,78.30600000000001,0.5,8.7,0.7230000000000001,1.3,23.8,0.054000000000000006,12.7,2.9,85.6
91,76,2015-01-21,1,2,2014-2015,Minas,Coop/São José Basketball,80.0,24.9,39.2,15.9,36.6,10.1,26.5,16.7,13.7,1.2630000000000003,8.3,21.9,38.997,19.6,39.8,49.05200000000001,15.9,21.2,75.08500000000001,2.4,11.0,0.8150000000000001,2.0,21.6,0.094,13.7,3.1,93.5,78.4,18.6,46.2,13.6,36.0,9.6,26.4,17.0,13.7,1.407,6.2,19.8,30.743000000000006,23.1,43.2,53.711,13.6,18.4,72.053,1.6,7.8,0.63,1.3,18.9,0.07,13.7,2.8,88.3
80,86,2015-01-21,1,2,2014-2015,Uberlândia,Mogi,75.2,24.0,38.4,12.8,30.4,8.2,22.2,14.4,15.7,1.018,8.0,23.5,34.94199999999999,19.2,35.6,53.57199999999999,12.8,15.8,80.52200000000002,1.7,9.7,0.7260000000000001,2.7,21.4,0.13399999999999998,15.7,2.9,81.8,85.1,22.5,44.0,18.6,38.0,14.1,23.9,15.3,14.4,1.159,7.5,21.3,34.467,22.0,43.0,51.45399999999999,18.6,23.9,77.372,2.8,10.6,0.7590000000000001,2.6,22.7,0.11399999999999999,14.4,2.7,97.1
101,98,2015-01-21,1,2,2014-2015,Palmeiras,Rio Claro,80.3,27.3,40.4,12.6,35.7,10.3,25.4,15.8,14.7,1.1760000000000002,9.1,22.9,40.427,20.2,38.1,52.98499999999999,12.6,17.5,69.553,2.3,8.3,0.6060000000000001,1.4,16.7,0.087,14.7,3.9,90.2,78.8,18.9,46.2,13.7,31.5,6.7,24.8,17.6,14.7,1.3210000000000002,6.3,20.7,29.819000000000006,23.1,41.2,56.13199999999999,13.7,16.4,81.802,1.4,10.2,0.72,1.8,16.5,0.11100000000000002,14.7,2.8,90.0
74,62,2015-01-22,2,2,2014-2015,Brasília,Sesi Franca,80.1,25.2,41.6,13.3,38.1,11.6,26.5,17.7,12.4,1.487,8.4,23.7,36.419,20.8,40.5,51.272000000000006,13.3,17.9,73.247,3.3,7.1,0.5810000000000001,3.2,20.9,0.148,12.4,2.7,94.2,76.6,20.7,41.6,14.3,35.8,11.3,24.5,14.4,12.7,1.273,6.9,22.7,29.233999999999998,20.8,40.5,51.571000000000005,14.3,20.7,69.23800000000001,2.7,11.7,1.018,3.6,20.6,0.17899999999999996,12.7,3.0,87.5
67,109,2015-01-22,2,2,2014-2015,Fortaleza B. C. / CFO,Bauru Basket,74.9,27.3,34.6,13.0,32.2,9.3,22.9,13.3,10.7,1.343,9.1,31.4,28.877999999999997,17.3,34.3,50.673,13.0,17.4,74.725,0.4,9.2,1.03,1.5,17.5,0.09,10.7,1.8,76.7,92.8,41.1,39.4,12.3,37.5,8.2,29.3,20.3,11.4,1.987,13.7,31.9,42.606,19.7,32.5,60.254000000000005,12.3,17.3,70.433,1.6,8.8,0.8550000000000001,2.0,17.1,0.12600000000000003,11.4,1.7,114.0
66,76,2015-01-23,2,2,2014-2015,Minas,Mogi,78.3,23.4,39.8,15.1,36.2,10.5,25.7,16.8,13.8,1.254,7.8,21.8,37.182,19.9,40.0,49.64699999999999,15.1,20.6,73.324,2.4,10.3,0.729,2.1,22.5,0.096,13.8,3.4,90.3,83.3,20.4,43.2,19.7,38.3,13.7,24.6,15.1,13.2,1.2259999999999998,6.8,20.7,32.352,21.6,42.4,51.273,19.7,25.2,77.97999999999999,2.7,9.7,0.749,2.3,22.7,0.1,13.2,2.6,95.3
79,69,2015-01-23,2,2,2014-2015,Palmeiras,Limeira,80.5,27.9,39.6,13.0,35.3,10.3,25.0,15.7,15.0,1.1400000000000001,9.3,23.5,39.713,19.8,37.1,53.169000000000004,13.0,17.4,72.384,1.9,9.2,0.663,1.6,17.0,0.09599999999999999,15.0,4.1,91.4,82.9,27.3,44.0,11.6,31.3,8.5,22.8,18.6,12.6,1.534,9.1,22.0,41.971999999999994,22.0,39.3,55.664,11.6,14.8,77.146,2.6,10.3,0.8230000000000001,3.3,19.9,0.161,12.6,2.8,100.4
90,84,2015-01-23,2,2,2014-2015,Uberlândia,Coop/São José Basketball,76.0,24.0,38.4,13.6,29.7,7.9,21.8,14.5,14.7,1.123,8.0,23.4,35.120000000000005,19.2,36.2,52.818,13.6,16.6,80.89800000000001,1.8,10.0,0.812,2.8,21.0,0.141,14.7,2.5,82.9,79.0,19.5,46.0,13.5,35.6,9.4,26.2,17.4,14.0,1.4100000000000001,6.5,19.5,32.379000000000005,23.0,43.2,53.47800000000001,13.5,17.9,73.738,1.6,7.7,0.6060000000000001,1.4,18.7,0.075,14.0,2.6,89.5
67,71,2015-01-23,2,2,2014-2015,Pinheiros,Rio Claro,78.3,25.5,39.2,13.6,34.7,9.9,24.8,14.4,15.1,0.9829999999999999,8.5,25.4,33.51,19.6,37.9,51.446000000000005,13.6,18.8,70.936,1.6,8.8,0.608,3.2,20.2,0.15599999999999997,15.1,2.4,83.9,79.1,17.7,47.0,14.4,32.1,7.2,24.9,16.9,14.9,1.267,5.9,19.3,29.727000000000004,23.5,42.7,55.213,14.4,17.4,80.80600000000001,1.3,11.2,0.773,1.8,17.0,0.10799999999999998,14.9,2.7,90.6
89,90,2015-01-24,5,2,2014-2015,Paulistano,Bauru Basket,82.9,24.0,40.8,18.1,38.7,13.1,25.6,11.3,11.6,1.052,8.0,23.9,33.373000000000005,20.4,42.8,47.86299999999999,18.1,23.4,78.593,0.5,8.6,0.858,1.4,24.3,0.05800000000000001,11.6,2.3,87.7,93.0,41.1,38.8,13.1,38.1,8.3,29.8,20.3,11.8,1.9599999999999997,13.7,32.2,42.208000000000006,19.4,32.0,60.20300000000001,13.1,17.9,71.66399999999999,1.5,8.1,0.794,2.4,17.6,0.14400000000000002,11.8,1.8,114.2
90,63,2015-01-27,3,2,2014-2015,Minas,Fortaleza B. C. / CFO,79.6,23.7,42.0,13.9,36.2,10.2,26.0,18.3,13.4,1.4300000000000002,7.9,21.7,37.684999999999995,21.0,40.9,51.403999999999996,13.9,18.6,73.883,2.7,10.4,0.759,2.4,22.8,0.10799999999999998,13.4,3.2,95.1,74.5,26.4,34.2,13.9,32.3,9.4,22.9,13.2,10.4,1.356,8.8,31.4,27.766999999999996,17.1,33.8,50.845000000000006,13.9,18.7,75.247,0.4,9.3,1.05,1.9,17.4,0.11400000000000002,10.4,2.0,76.7
68,84,2015-01-27,3,2,2014-2015,Palmeiras,Mogi,78.9,26.4,39.0,13.5,35.5,10.1,25.4,15.6,15.5,1.1,8.8,23.5,37.989,19.5,36.2,53.508,13.5,18.0,72.134,1.8,9.2,0.645,1.8,17.3,0.10700000000000001,15.5,4.2,89.6,83.6,21.9,42.2,19.5,38.0,13.5,24.5,15.1,13.4,1.2049999999999998,7.3,20.8,34.638,21.1,42.0,50.673,19.5,24.7,78.995,2.5,10.1,0.7649999999999999,2.6,22.5,0.11499999999999999,13.4,2.8,96.4
91,74,2015-01-27,3,2,2014-2015,Uberlândia,Brasília,78.4,23.7,40.8,13.9,30.5,7.7,22.8,14.9,14.8,1.1480000000000001,7.9,22.2,36.269999999999996,20.4,38.2,53.29600000000001,13.9,16.7,82.398,1.9,9.8,0.7830000000000001,2.7,21.9,0.131,14.8,2.8,86.6,79.2,24.3,40.8,14.1,38.1,11.0,27.1,16.5,12.5,1.37,8.1,24.5,33.93999999999999,20.4,39.4,51.410000000000004,14.1,18.7,73.808,3.0,7.0,0.5660000000000001,3.1,20.8,0.14300000000000002,12.5,2.6,91.4
72,70,2015-01-27,3,2,2014-2015,Pinheiros,Coop/São José Basketball,76.9,25.2,37.6,14.1,34.9,10.9,24.0,13.5,15.0,0.9080000000000001,8.4,26.3,31.7,18.8,37.9,49.706,14.1,19.1,72.465,1.3,9.3,0.665,2.9,20.4,0.14100000000000001,15.0,2.2,80.5,78.4,18.9,45.4,14.1,35.0,8.8,26.2,17.6,14.0,1.421,6.3,18.8,33.035,22.7,42.8,53.25100000000001,14.1,18.6,74.13300000000001,1.6,7.3,0.5850000000000001,1.7,19.6,0.088,14.0,2.3,88.9
82,70,2015-01-28,3,2,2014-2015,Rio Claro,L. Sorocabana,80.8,19.8,46.2,14.8,31.9,7.2,24.7,16.8,14.6,1.2820000000000003,6.6,19.6,31.838,23.1,41.4,55.97099999999999,14.8,17.7,81.39100000000002,1.1,10.7,0.7559999999999999,1.8,17.5,0.10200000000000001,14.6,2.5,93.2,76.0,18.6,44.4,13.0,31.6,11.0,20.6,11.8,13.2,0.9199999999999999,6.2,20.2,30.849,22.2,43.5,51.19,13.0,19.5,65.806,1.2,12.4,0.994,2.1,24.6,0.087,13.2,2.2,78.9
85,69,2015-01-28,3,2,2014-2015,Bauru Basket,Macaé Basquete,89.9,39.9,35.8,14.2,37.6,8.8,28.8,19.3,12.3,1.7340000000000004,13.3,32.2,40.779,17.9,30.7,58.414,14.2,18.6,74.54399999999998,1.4,7.3,0.6319999999999999,2.5,17.5,0.15000000000000002,12.3,2.0,108.2,78.3,23.7,38.4,16.2,33.8,10.5,23.3,12.9,11.8,1.227,7.9,21.0,37.444,19.2,39.6,48.391999999999996,16.2,20.7,78.86699999999999,1.4,8.0,0.764,1.2,19.7,0.06399999999999999,11.8,2.9,84.4
81,88,2015-01-29,4,2,2014-2015,Pinheiros,Mogi,75.4,23.1,38.0,14.3,34.8,10.9,23.9,13.2,14.0,0.9799999999999999,7.7,26.4,29.259000000000004,19.0,38.2,49.878,14.3,19.9,70.65799999999999,1.2,9.0,0.708,3.0,21.5,0.14,14.0,2.2,77.9,83.7,21.9,41.6,20.2,38.1,13.0,25.1,14.8,12.7,1.2199999999999998,7.3,20.3,35.805,20.8,41.6,50.435,20.2,25.2,79.93799999999999,2.4,9.2,0.7369999999999999,2.3,22.6,0.10300000000000001,12.7,2.5,96.6
79,87,2015-01-29,4,2,2014-2015,Minas,Brasília,79.6,23.7,40.6,15.3,34.8,10.1,24.7,18.0,13.1,1.447,7.9,21.8,37.571000000000005,20.3,39.7,51.07799999999999,15.3,20.1,75.998,2.8,10.7,0.82,2.5,23.7,0.11099999999999999,13.1,2.7,94.4,80.6,25.5,39.0,16.1,37.1,10.2,26.9,16.7,13.1,1.3460000000000003,8.5,24.1,35.815999999999995,19.5,37.2,52.708000000000006,16.1,20.5,78.379,2.3,7.1,0.557,2.9,21.6,0.13,13.1,2.7,93.6
78,71,2015-01-29,4,2,2014-2015,Uberlândia,Fortaleza B. C. / CFO,78.6,23.1,41.0,14.5,31.6,7.8,23.8,15.0,15.5,1.117,7.7,21.2,36.669,20.5,38.0,53.916,14.5,17.7,81.327,2.0,9.8,0.762,3.1,21.6,0.154,15.5,2.8,88.4,73.9,25.2,34.2,14.5,31.9,10.0,21.9,12.7,10.5,1.31,8.4,31.3,26.597999999999995,17.1,34.7,49.257000000000005,14.5,19.2,76.54100000000001,0.4,10.7,1.1480000000000001,1.8,17.9,0.10600000000000001,10.5,1.6,75.3
99,86,2015-01-29,4,2,2014-2015,Palmeiras,Coop/São José Basketball,81.5,28.2,40.6,12.7,35.2,10.2,25.0,16.0,14.7,1.183,9.4,23.7,40.041000000000004,20.3,37.1,54.30800000000001,12.7,16.9,71.68,2.1,8.8,0.643,1.5,16.8,0.095,14.7,3.6,93.0,79.0,18.9,45.4,14.7,34.3,8.8,25.5,17.4,14.1,1.3880000000000001,6.3,18.0,34.126,22.7,43.5,52.33200000000001,14.7,18.8,78.05,1.4,8.0,0.64,2.0,19.1,0.11000000000000001,14.1,2.8,90.0
92,84,2015-01-30,4,2,2014-2015,Bauru Basket,Flamengo,90.6,37.8,38.0,14.8,38.3,9.3,29.0,18.5,12.7,1.5470000000000002,12.6,31.6,39.263999999999996,19.0,32.4,58.76700000000001,14.8,19.0,76.719,1.2,8.1,0.6839999999999999,2.4,18.8,0.139,12.7,2.0,108.6,88.2,27.6,45.6,15.0,36.9,10.0,26.9,18.2,11.5,1.7450000000000003,9.2,23.7,38.528,22.8,40.2,56.44500000000001,15.0,19.7,76.472,2.1,8.2,0.7430000000000001,2.2,18.1,0.12700000000000003,11.5,1.7,105.6
85,73,2015-01-30,4,2,2014-2015,Limeira,L. Sorocabana,82.7,28.2,41.8,12.7,31.3,8.1,23.2,18.6,12.5,1.5510000000000002,9.4,22.4,42.56699999999999,20.9,38.1,54.568000000000005,12.7,15.9,78.342,2.7,10.3,0.829,3.0,19.9,0.146,12.5,2.6,100.0,74.5,18.3,43.0,13.2,33.1,11.8,21.3,11.2,12.8,0.906,6.1,20.7,29.636999999999993,21.5,43.3,49.637,13.2,19.7,65.992,1.2,11.9,0.983,2.1,24.7,0.08700000000000001,12.8,2.6,77.1
74,66,2015-01-30,4,2,2014-2015,Sesi Franca,Macaé Basquete,76.5,20.4,41.6,14.5,35.1,10.9,24.2,14.4,13.3,1.228,6.8,23.2,28.233999999999998,20.8,39.2,52.980999999999995,14.5,21.1,68.78600000000002,2.7,11.9,1.004,3.8,21.1,0.185,13.3,3.4,87.0,77.9,22.5,39.4,16.0,33.7,10.3,23.4,12.5,11.7,1.2040000000000002,7.5,20.1,36.702999999999996,19.7,40.5,48.646,16.0,20.3,79.43800000000002,1.3,8.2,0.781,1.4,19.4,0.074,11.7,2.9,84.3
